Bode taken on 17092019-1859222 could not be taken due to noise in the signal.Obtained data is as follows:['Frequency', 'Vpp 1', 'Vpp 2', 'Phase', 'Ratio', 'Slope']
[56.97272190568104, 4.026666666666666, 1.5950000000000002, 66.5, -8.043699843445012]
[64.91782082684138, 4.023333333333333, 1.7400000000000002, 65.0, -7.28073534190174, 0.09602957862629674]
[73.97089905380928, 4.02, 1.8949999999999998, 61.0, -6.532336775607579, 0.08266785589732148]
[84.28646921811763, 4.009999999999999, 2.07, 59.0, -5.743480543265288, 0.07647238298777864]
[96.04059142351124, 3.9900000000000007, 2.2433333333333336, 55.75, -5.001581723648676, 0.06311818157515639]
[109.43387813657685, 3.9899999999999998, 2.45, 51.4, -4.236136226444314, 0.0571514306833769]
[124.69491812270765, 3.97, 2.585, 49.0, -3.7265991866630754, 0.03338809414327627]
[142.08417786513382, 3.966666666666667, 2.7674999999999996, 45.5, -3.12676154244216, 0.03449471990791167]
[161.89844705415186, 3.955, 2.94, 42.8, -2.5759831484307623, 0.0277970582087713]
[184.47590401955642, 3.94, 3.07, 40.333333333333336, -2.167156926967753, 0.01810771789265078]
[210.20188756010597, 3.93, 3.208333333333334, 35.0, -1.7622613382910157, 0.015738779745331676]
[239.5154736802231, 3.926666666666667, 3.3366666666666664, 33.2, -1.4142242594352852, 0.011872893252623298]
[272.9169694818164, 3.905, 3.4499999999999997, 30.333333333333332, -1.0760388628009008, 0.010124857839996865]
[310.9764521125754, 3.9133333333333336, 3.532, 27.166666666666668, -0.8905229457280455, 0.00487436781189781]
[354.3434985085019, 3.9, 3.6059999999999994, 25.5, -0.6807776928023221, 0.004836512291171959]
[403.75827199221976, 3.913333333333334, 3.6999999999999997, 22.166666666666668, -0.48690236249876717, 0.003923428493857952]
[460.0641549466214, 3.895, 3.74, 20.0, -0.3527171961620615, 0.002383146472374357]
[524.2221431709204, 3.89, 3.78, 18.0, -0.24915602976964848, 0.0016141585679145495]
[597.3272475935386, 3.8800000000000003, 3.8200000000000003, 16.2, -0.13536725364997068, 0.0015565093165296456]
[680.6271832766521, 3.8866666666666667, 3.842, 14.0, -0.10039870355315966, 0.0004197908414940086]
[775.5436646853533, 3.8733333333333335, 3.89, 12.666666666666666, 0.03729455982116479, 0.0014506781259772004]
[883.6966706766287, 3.8850000000000002, 3.8800000000000003, 12.0, -0.011185950854515882, -0.0004482585595410221]
[1006.9320933487146, 3.8799999999999994, 3.9250000000000003, 10.5, 0.10015870974128363, 0.0009035118165016061]
[1147.353242645233, 3.8733333333333335, 3.918, 9.0, 0.09959116648136115, -4.041722082220188e-06]
[1307.3567444161636, 3.8699999999999997, 3.9519999999999995, 8.0, 0.18211941793358238, 0.0005157902829550131, 0.0005157902829550131]
[1697.4150178154237, 3.8700000000000006, 3.9283333333333332, 6.0, 0.12994734243537315, -0.00013375456708953427]
[1934.1270753704978, 3.86, 3.95, 6.0, 0.20019581909410625, 0.00029676763146038255]
[2203.8496799066293, 3.8733333333333335, 3.9500000000000006, 5.333333333333333, 0.17024444583621554, -0.00011104509875767008]
[2511.1862987048944, 3.8633333333333333, 3.9450000000000003, 3.867272727272727, 0.18169652603011133, 3.726233547657041e-05]
[2861.3823729894066, 3.8733333333333335, 3.8975, 4.0, 0.05402501052459526, -0.000364571521158147]
[3260.414844042867, 3.86, 3.9199999999999995, 3.8333333333333335, 0.1339752469740444, 0.00020036022692182802]
[3715.0941641361705, 3.8700000000000006, 3.9166666666666665, 3.6865217391304355, 0.10411293738362278, -6.56777387286795e-05]
[4233.180533334978, 3.873333333333333, 3.9333333333333336, 3.703870967741935, 0.13351758503626995, 5.6756265751828025e-05]
[4823.51634604472, 3.866666666666667, 3.9499999999999997, 3.653666666666667, 0.1852072223840821, 8.755971810442577e-05]
[5496.177107814253, 3.8666666666666667, 3.96, 3.667857142857143, 0.20716902836512477, 3.264915575463168e-05]
[6262.643398157436, 3.856666666666667, 3.9349999999999996, 3.6536666666666666, 0.1746526492599228, -4.242375628893325e-05]
[7135.99681435346, 3.8633333333333333, 3.9175, 3.6186666666666656, 0.12093647793388375, -6.150565204176462e-05]
[8131.1432404797115, 3.86, 3.93, 3.693214285714285, 0.1561049140734354, 3.5339961252184535e-05]
[9265.067252302179, 3.856666666666666, 3.908, 3.859230769230769, 0.11484901629296773, -3.6383300247924295e-05]
[10557.122000056888, 3.8566666666666674, 3.918, 3.8564000000000003, 0.137046548532607, 1.718002451383226e-05]
[12029.359516671757, 3.853333333333334, 3.9133333333333336, 3.7834615384615384, 0.13420525654170767, -1.929914133306658e-06]
[13706.90708893597, 3.86, 3.9000000000000004, 3.8583999999999996, 0.08954604709488534, -2.662172458486234e-05]
[15618.396115299161, 3.8566666666666674, 3.9099999999999997, 3.8516000000000004, 0.11929306327559147, 1.5562221791721688e-05]
[17796.450769794148, 3.856666666666666, 3.91, 3.8616, 0.11929306327559527, 1.745830322252785e-18, 1.745830322252785e-18]
[23106.136048544002, 3.85, 3.91, 3.8531999999999997, 0.13432055774732266, 2.830204368584639e-06]
[26328.389268170617, 3.856666666666666, 3.91, 3.864, 0.11929306327559527, -4.663660317009078e-06]
[30000.00000000001, 3.8666666666666667, 3.895, 3.8596, 0.06341455002654346, -1.5219073406839653e-05]
