['Frequency', 'Vpp 1', 'Vpp 2', 'Phase', 'Ratio', 'Slope']
[53.61336110051615, 4.04, 1.42, 67.83333333333333, -9.08186041455097]
[57.48784976988677, 4.03, 1.5033333333333332, 66.16666666666667, -8.564995179656227, 0.13340218000397547]
[61.64233697210329, 4.026666666666667, 1.58, 66.0, -8.12577185222056, 0.10572263339777102]
[66.09705742330142, 4.02, 1.67, 64.0, -7.630191638737735, 0.11124833059940589]
[70.87370814634026, 4.023333333333333, 1.7533333333333332, 62.4, -7.214430518872204, 0.08704030166162725]
[75.99555414764669, 4.02, 1.8483333333333334, 60.333333333333336, -6.748915146379072, 0.09088820170977296]
[81.48754173103221, 4.0, 1.9383333333333332, 59.2, -6.292630539663152, 0.08308187150609758]
[87.37642000038419, 3.9999999999999996, 2.0366666666666666, 58.166666666666664, -5.862800716101411, 0.0729901016631204]
[93.69087114301918, 3.986666666666667, 2.1333333333333333, 55.833333333333336, -5.431024113370098, 0.06837911846620678]
[100.46165012825239, 4.0, 2.225, 54.6, -5.09459952022024, 0.049687723359983615]
[107.72173450159421, 3.98, 2.33, 52.833333333333336, -4.650543020953377, 0.06116409623246065]
[115.50648500415801, 3.9900000000000007, 2.4133333333333336, 51.0, -4.367111684185276, 0.03640853186942301]
[123.85381779958556, 3.975, 2.5, 49.0, -4.02794248640903, 0.0406320445210995]
[132.80438914733432, 3.97, 2.604, 47.833333333333336, -3.662990537339214, 0.040774151156463094]
[142.40179342179007, 3.9633333333333334, 2.6916666666666664, 45.166666666666664, -3.3607864723110232, 0.031488104115039814]
[152.69277544167076, 3.953333333333333, 2.7733333333333334, 44.2, -3.0792272547503967, 0.027359800747556926]
[163.7274581438864, 3.9466666666666668, 2.86, 42.0, -2.7972882907639116, 0.025550255643497125]
[175.55958671075652, 3.9466666666666668, 2.93, 40.5, -2.5872565462625814, 0.017750968755479685]
[188.24679033962335, 3.9333333333333336, 3.01, 38.4, -2.3238851398523934, 0.020758822362632115]
[201.85086292982766, 3.9333333333333336, 3.0933333333333333, 37.166666666666664, -2.086680621745267, 0.017436287298108564]
[216.43806405415282, 3.9266666666666663, 3.1599999999999997, 35.166666666666664, -1.886739062260331, 0.01370664308943542]
[232.07944168063906, 3.9250000000000003, 3.2266666666666666, 33.166666666666664, -1.7017111698508032, 0.01182938592929384]
[248.85117821660566, 3.9200000000000004, 3.2866666666666666, 31.833333333333332, -1.5306081359781707, 0.010201867499272125]
[266.8349615603156, 3.905, 3.3400000000000003, 30.0, -1.3574914280350923, 0.009626267434078501]
[286.11838296751097, 3.91, 3.4, 29.0, -1.213956807072234, 0.007443420850062436]
[306.79536367065873, 3.9, 3.4433333333333334, 27.166666666666668, -1.0817108045308217, 0.006395808190761613]
[328.9666123287841, 3.8966666666666665, 3.486666666666667, 26.0, -0.9656565326116928, 0.005234449069993948]
[352.7401155359322, 3.91, 3.526666666666667, 24.666666666666668, -0.8962468883272456, 0.0029196220548420226]
[378.23166377731445, 3.895, 3.56, 23.5, -0.7811492807141612, 0.004515128172020492]
[405.56541539484357, 3.89, 3.603333333333333, 22.0, -0.664903241841198, 0.004252838779672482]
[434.87450130889164, 3.8799999999999994, 3.626666666666667, 21.0, -0.5864816990341695, 0.0026756734425975553]
[466.3016734416099, 3.8866666666666667, 3.655, 19.4, -0.5337982881890718, 0.0016763649819529851]
[499.99999999999994, 3.885, 3.68, 18.666666666666668, -0.4708640892683069, 0.0018675763857803763]
[536.1336110051615, 3.8799999999999994, 3.7100000000000004, 17.333333333333332, -0.3891563195832249, 0.0022612677618467315]
[574.8784976988677, 3.8800000000000003, 3.725, 17.0, -0.35410897019791265, 0.0009045670893910593]
[616.4233697210328, 3.8800000000000003, 3.75, 15.833333333333334, -0.29600915732976874, 0.001398483375689456]
[660.9705742330143, 3.8799999999999994, 3.768, 14.166666666666666, -0.2544166294673488, 0.000933673129842147]
[708.7370814634023, 3.876666666666667, 3.78, 14.0, -0.21933320343121424, 0.000734477525579162]
[759.9555414764665, 3.8750000000000004, 3.8066666666666666, 13.333333333333334, -0.15453715304324722, 0.0012650917339459185]
[814.8754173103216, 3.8699999999999997, 3.8066666666666666, 12.166666666666666, -0.1433223165748907, 0.00020420360203078216]
[873.7642000038413, 3.8700000000000006, 3.82, 11.833333333333334, -0.11295204214405485, 0.0005157225712899287]
[936.9087114301914, 3.86, 3.8299999999999996, 11.166666666666666, -0.06777061406264455, 0.0007155242326026804]
[1004.6165012825228, 3.876666666666667, 3.84, 10.6, -0.08254471282510382, -0.00021820382550783484]
[1077.217345015942, 3.8766666666666665, 3.8533333333333335, 9.333333333333334, -0.052437612878762925, 0.000414693526935998]
[1155.06485004158, 3.8700000000000006, 3.8499999999999996, 9.333333333333334, -0.045004710208216836, 9.548029404536693e-05]
[1238.5381779958554, 3.8699999999999997, 3.8633333333333333, 8.666666666666666, -0.014975675499556026, 0.0003597440696878643]
[1328.0438914733431, 3.8700000000000006, 3.8766666666666665, 8.333333333333334, 0.014949899797490633, 0.0003343426261226719]
[1424.0179342179008, 3.8666666666666667, 3.8700000000000006, 7.0, 0.0074846102331089116, -7.778446495424984e-05]
[1526.9277544167076, 3.8700000000000006, 3.8800000000000003, 3.8672000000000004, 0.02241521150591558, 0.00014508431988281514]
[1637.274581438864, 3.8666666666666667, 3.8799999999999994, 6.666666666666667, 0.029899821739023134, 6.78280512008263e-05]
[1755.5958671075653, 3.8733333333333335, 3.8866666666666667, 6.0, 0.029848447373666584, -4.3419377220425334e-07]
[1882.4679033962334, 3.8699999999999997, 3.885, 3.8711999999999995, 0.03360116236043343, 2.957874009548019e-05]
[2018.5086292982787, 3.8700000000000006, 3.89, 3.9913793103448287, 0.044772726135926144, 8.211926025399688e-05]
[2164.3806405415303, 3.873333333333333, 3.896666666666667, 3.872307692307693, 0.05216766215056427, 5.069468742915025e-05]
[2320.794416806391, 3.8700000000000006, 3.903333333333333, 3.9916666666666676, 0.07449350667578362, 0.0001427357938562538]
[2488.5117821660565, 3.8633333333333333, 3.905, 4.166666666666667, 0.09317713938771081, 0.00011139951233946837]
[2668.349615603156, 3.866666666666667, 3.891666666666667, 4.166666666666667, 0.05597800022462517, -0.00020684823906142355]
[2861.18382967511, 3.873333333333333, 3.89, 3.8333333333333335, 0.03729455982116479, -9.688861747578097e-05]
[3067.9536367065875, 3.8699999999999997, 3.8949999999999996, 4.0, 0.05592993979343794, 9.012621445952301e-05]
[3289.666123287841, 3.8633333333333333, 3.893333333333334, 3.9244444444444446, 0.0671881362556944, 5.077836000964498e-05]
[3527.4011553593223, 3.8700000000000006, 3.903333333333333, 3.790689655172414, 0.07449350667578362, 3.072904466975093e-05]
[3782.316637773145, 3.8633333333333333, 3.895, 3.8669230769230776, 0.07090561529299509, -1.4074827267509981e-05]
[4055.6541539484356, 3.8633333333333337, 3.905, 3.0, 0.09317713938771081, 8.147993881832546e-05]
[4348.7450130889165, 3.8666666666666667, 3.9, 3.6341935483870964, 0.07455745038486299, -6.35287264074082e-05]
[4663.016734416099, 3.8580000000000005, 3.91, 3.601612903225806, 0.116290681760022, 0.00013279346674564875]
[4999.999999999999, 3.8633333333333333, 3.9, 2.0, 0.08204851565131316, -0.00010161384735048049]
[5361.336110051615, 3.866666666666667, 3.9, 3.619666666666667, 0.07455745038486299, -2.0731571127447227e-05]
[5748.784976988677, 3.8633333333333333, 3.905, 3.5859999999999994, 0.09317713938771081, 4.805715177345568e-05]
[6164.2336972103285, 3.8633333333333333, 3.8949999999999996, 3.6348275862068964, 0.07090561529299318, -5.360835889164676e-05]
[6609.705742330143, 3.8599999999999994, 3.8899999999999992, 3.6585714285714284, 0.06724593307905585, -8.215290395950688e-06]
[7087.370814634023, 3.856666666666667, 3.896666666666667, 3.8580000000000005, 0.08962304420181033, 4.68468649273955e-05]
[7599.555414764664, 3.856666666666667, 3.9, 3.786153846153846, 0.09705005588824013, 1.4500654030861951e-05]
[8148.754173103224, 3.8633333333333337, 3.895, 3.7181481481481478, 0.07090561529299318, -4.7604697203502986e-05]
[8737.642000038422, 3.856666666666667, 3.893333333333333, 3.786153846153846, 0.0821896764926207, 1.9161647912394754e-05]
[9369.087114301923, 3.856666666666667, 3.8983333333333334, 3.6560714285714275, 0.09333734386844567, 1.765421431572447e-05]
[10046.165012825228, 3.8499999999999996, 3.91, 1.0, 0.13432055774732457, 6.052954020248275e-05]
[10772.173450159431, 3.8633333333333337, 3.908, 1.0, 0.09984747605603653, -4.748303176457308e-05]
[11550.64850041579, 3.856666666666666, 3.9, 3.8584000000000005, 0.09705005588824395, -3.5934615590716314e-06]
[12385.381779958569, 3.8533333333333335, 3.89, 1.0, 0.08226043921719835, -1.7717775286432255e-05]
[13280.438914733419, 3.86, 3.9000000000000004, 3.7838461538461536, 0.08954604709488534, 8.139824369446173e-06]
[14240.179342179023, 3.856666666666667, 3.8866666666666663, 3.8515999999999995, 0.0673038294249125, -2.317524304896855e-05]
[15269.27754416706, 3.853333333333333, 3.896666666666667, 3.8583999999999996, 0.09713354154659827, 2.898626395815286e-05]
[16372.745814388656, 3.856666666666667, 3.9, 3.858, 0.09705005588824013, -7.565750698148723e-08]
[17555.958671075634, 3.853333333333333, 3.9, 3.8552, 0.10456055323302857, 6.347545416145999e-06]
[18824.679033962355, 3.8533333333333335, 3.8866666666666667, 1.0, 0.07481432676970086, -2.3445849324626653e-05]
[20185.086292982745, 3.86, 3.9066666666666663, 3.8575999999999997, 0.10438104581308817, 2.173372631419056e-05]
[21643.806405415304, 3.8566666666666674, 3.8949999999999996, 3.8540000000000005, 0.08590715552991963, -1.2664451614615444e-05]
[23207.944168063907, 3.8533333333333335, 3.89, 3.86, 0.08226043921719835, -2.3314546837269564e-06]
[24885.117821660566, 3.8633333333333337, 3.9033333333333338, 3.8596, 0.08946918217534358, 4.298149415050884e-06]
[26683.49615603156, 3.86, 3.9, 1.0, 0.08954604709488534, 4.2741239745107685e-08]
[28611.838296751095, 3.8633333333333333, 3.89, 3.8588, 0.05974840163548353, -1.5452468122842153e-05]
[30679.536367065873, 3.86, 3.8899999999999992, 3.8583999999999996, 0.06724593307905394, 3.626028166882706e-06]
[32896.66123287841, 3.856666666666667, 3.893333333333333, 3.8571999999999997, 0.0821896764926207, 6.740145151044591e-06]
[35274.01155359322, 3.8633333333333333, 3.9, 3.8627999999999996, 0.08204851565131316, -5.937738333200102e-08]
[37823.166377731446, 3.86, 3.905, 3.8579999999999997, 0.10067467083128388, 7.3067963560304855e-06]
[40556.54153948436, 3.86, 3.89, 3.8608, 0.06724593307905585, -1.2229838852706262e-05]
[43487.45013088916, 3.8633333333333337, 3.8866666666666663, 3.8596, 0.052302289187983055, -5.098638672968715e-06]
[46630.16734416099, 3.856666666666666, 3.91, 3.8592, 0.11929306327559527, 2.1316195362633135e-05]
[49999.99999999999, 3.853333333333334, 3.89, 3.8564, 0.08226043921719835, -1.0989454919735987e-05]
