Bode taken on 19092019-155643
0 points could not be taken due to noise in the signal.
Obtained data is as follows:
['Frequency', 'Vpp 1', 'Vpp 2', 'Phase', 'Ratio', 'Slope']
[10.473708979594498, 1.08, 1.0716666666666668, 30.0, -0.06728065892742457]
[10.969857978923836, 1.0866666666666667, 1.08, 29.5, -0.05345179722653696, 0.027872396638067582]
[11.489510001873091, 1.08, 1.0866666666666667, 28.666666666666668, 0.053451797226537506, 0.2057215015662773]
[12.033778407775893, 1.08, 1.0933333333333335, 29.0, 0.10657667010133928, 0.09760785726057575]
[12.603829296797274, 1.0750000000000002, 1.1033333333333333, 29.75, 0.22596549608864105, 0.2094353825011293]
[13.200884008314182, 1.074, 1.12, 28.666666666666668, 0.36427482613289625, 0.2316526900740126]
[13.826221737646557, 1.0833333333333333, 1.13, 29.166666666666668, 0.3663267444841551, 0.003281296258022867]
[14.481182276745338, 1.0883333333333334, 1.1349999999999998, 29.5, 0.3646786127542228, -0.0025163832498979123]
[15.167168884709225, 1.09, 1.144, 28.666666666666668, 0.41999053032763384, 0.08063119152950413]
[15.885651294280526, 1.085, 1.16, 29.25, 0.5805650208474035, 0.22349119252005076]
[16.63816886076129, 1.0833333333333333, 1.17, 28.0, 0.6684751097389946, 0.1168213112987022]
[17.4263338600965, 1.08, 1.18, 29.5, 0.7691650363835134, 0.1277523446606326]
[18.251834943190435, 1.0766666666666669, 1.1899999999999997, 30.25, 0.8693138756218017, 0.1213188465639991]
[19.116440753857017, 1.0766666666666669, 1.2, 31.0, 0.9419995687236857, 0.08406801366028963]
[20.022003718155844, 1.0833333333333333, 1.2133333333333332, 29.5, 0.9843604534036314, 0.046778508342316664]
[20.970464013232327, 1.0750000000000002, 1.235, 30.333333333333332, 1.205169866881208, 0.23280828372448711]
[21.963853724165457, 1.0875000000000001, 1.2466666666666668, 30.4, 1.1864216370828553, -0.01887298568931405]
[23.00430119772918, 1.0716666666666668, 1.26, 29.0, 1.4062164515396882, 0.2112502745611898]
[24.094035602395245, 1.0733333333333335, 1.29, 30.5, 1.597101866461609, 0.1751669159976786]
[25.23539170434766, 1.0716666666666668, 1.3066666666666669, 32.0, 1.7221017952043276, 0.10951878079846643]
[26.430814869741056, 1.071666666666667, 1.335, 33.6, 1.908430863200309, 0.1558687110891508]
[27.682866303920665, 1.0725000000000002, 1.3516666666666666, 32.2, 2.0094460594150085, 0.08067974961498955]
[28.994228538828768, 1.08, 1.3883333333333334, 33.0, 2.1813999107238855, 0.1311261272678995]
[30.367711180354576, 1.0733333333333335, 1.42, 33.0, 2.4310745481377585, 0.18178215717128274]
[31.80625692794119, 1.0733333333333335, 1.4400000000000002, 33.333333333333336, 2.5525575023816245, 0.08444844694558552]
[33.31294787934674, 1.0740000000000003, 1.4733333333333334, 34.5, 2.7459346653178516, 0.1283456058163962]
[34.891012134067736, 1.0859999999999999, 1.5033333333333332, 36.2, 2.8245092381094, 0.049791744890286795]
[36.54383070957256, 1.08, 1.54, 35.6, 3.0819393069902667, 0.15575216342316286]
[38.274944785163115, 1.0850000000000002, 1.5833333333333333, 35.0, 3.282852334413115, 0.11605995829842043]
[40.08806328898464, 1.0866666666666667, 1.6216666666666668, 35.0, 3.477304890728635, 0.10724757146632742]
[41.9870708444391, 1.085, 1.6600000000000001, 35.0, 3.6935669971101373, 0.11388164610527184]
[43.97603609302721, 1.08, 1.7, 35.5, 3.940503317826484, 0.12415315998690143]
[46.05922041145106, 1.08, 1.76, 34.0, 4.241778246544002, 0.1446223102070321]
[48.241087041653685, 1.08, 1.8083333333333333, 35.0, 4.4770946462791, 0.10785095499317665]
[50.526310653356795, 1.085, 1.86, 34.0, 4.68166412066736, 0.08951836194086969]
[52.91978735958442, 1.0783333333333334, 1.9166666666666667, 33.25, 4.9958711936982265, 0.1312764282239832]
[55.42664520663107, 1.08, 1.9766666666666668, 32.5, 5.250193663153009, 0.10145069444380415]
[58.05225516094899, 1.0833333333333333, 2.04, 30.5, 5.497361223333738, 0.09413719649190547]
[60.80224261649424, 1.085, 2.0916666666666663, 29.25, 5.701254744977299, 0.07414343699365503]
[63.68249944718586, 1.0716666666666668, 2.1633333333333336, 29.8, 6.101274390802568, 0.13888332511278673]
[66.69919663030122, 1.0750000000000002, 2.23, 30.333333333333332, 6.33792797593073, 0.07844790867731989]
[69.8587974678525, 1.0733333333333335, 2.296666666666667, 26.4, 6.607267004235898, 0.0852446375833691]
[73.16807143427197, 1.07, 2.3433333333333333, 25.6, 6.8090058522990375, 0.0609616641324546]
[76.63410868007459, 1.07, 2.3733333333333335, 24.5, 6.9194992246396865, 0.03187887622224964]
[80.26433522257175, 1.0683333333333334, 2.438333333333333, 23.0, 7.167725932129866, 0.06837774573688983]
[84.06652885618325, 1.0633333333333335, 2.4600000000000004, 22.166666666666668, 7.285313575317209, 0.03092626376202025]
[88.04883581643465, 1.07, 2.495, 18.0, 7.353735445483981, 0.0171814656302768]
[92.21978823334327, 1.0616666666666668, 2.513333333333333, 17.0, 7.485238183968095, 0.03152822792967268]
[96.58832241158703, 1.059, 2.53, 15.5, 7.564491221366659, 0.01814179176925316]
[101.1637979766207, 1.062, 2.5399999999999996, 14.0, 7.574183997489755, 0.0021184193829314846]
[105.9560179277616, 1.0674000000000001, 2.5266666666666664, 11.904761904761905, 7.484415048896446, -0.01873222629773861]
[110.97524964120721, 1.0655000000000001, 2.51, 9.95, 7.4424053486163455, -0.008369747140297252]
[116.23224686798518, 1.0633333333333335, 2.5, 9.045454545454545, 7.4254116066903775, -0.0032325948051495457]
[121.7382727739662, 1.0631666666666668, 2.4850000000000003, 7.935483870967742, 7.374500826050683, -0.009246375064162244]
[127.50512407130128, 1.0663333333333334, 2.4516666666666667, 5.375, 7.231368739588837, -0.024819798375586507]
[133.54515629298987, 1.059, 2.4250000000000003, 4.764705882352941, 7.19631565661595, -0.005803459598612392]
[139.87131026472386, 1.0605000000000002, 2.3933333333333335, 4.944444444444445, 7.069850333401144, -0.019990870247526178]
[146.49713983072849, 1.062, 2.3666666666666667, 4.045454545454546, 6.960251545079251, -0.016541142090979143]
[153.43684089300132, 1.0695, 2.3666666666666667, 3.652173913043478, 6.899126101837323, -0.008808080159854605]
[160.70528182616385, 1.07, 2.35, 2.85, 6.833681691730533, -0.00900391304113073]
[168.31803533309568, 1.07, 2.3233333333333333, 3.0434782608695654, 6.734554913862746, -0.013021146393026758]
[176.2914118095948, 1.0750000000000002, 2.3, 2.7916666666666665, 6.6063874353193714, -0.016074429562072924]
[184.64249428955426, 1.0716666666666668, 2.2766666666666664, 2.875, 6.5447945284258315, -0.007375439895528228]
[193.38917504552322, 1.07, 2.2649999999999997, 3.260869565217391, 6.513688573272818, -0.0035563153636065034]
[202.55019392306664, 1.07, 2.25, 3.142857142857143, 6.455974808523056, -0.006299928591047517]
[212.14517849106298, 1.0643333333333334, 2.25, 3.739130434782609, 6.5020970858316005, 0.0048069152150993005]
[222.19468609395238, 1.0700000000000003, 2.255, 3.0, 6.4752553705753915, -0.0026709483008392956]
[232.72024789604072, 1.0666666666666667, 2.25, 3.85, 6.483075890222379, 0.0007430025868486888]
[243.74441501222216, 1.0716666666666668, 2.263333333333333, 3.8846153846153846, 6.493775940405214, 0.000970599417631278]
[255.29080682395167, 1.07, 2.268333333333333, 3.9583333333333335, 6.526461942689627, 0.002830841254772619]
[267.3841615839947, 1.069, 2.3066666666666666, 4.0, 6.680142690566346, 0.012707867330948345]
[280.0503894183631, 1.0650000000000002, 2.326, 4.8125, 6.78520205235346, 0.008294447499360985]
[293.31662783900424, 1.0643333333333336, 2.35, 4.0, 6.879803969039075, 0.007131027928641934]
[307.21129988617594, 1.073, 2.3733333333333335, 4.9, 6.895180339024858, 0.0011066378489237598]
[321.76417502507354, 1.07, 2.376666666666667, 3.9, 6.931689948939869, 0.0025087558002491834]
[337.0064329271928, 1.08, 2.4066666666666667, 3.1578947368421053, 6.95984374726054, 0.0018470884367306295]
[352.970730273065, 1.0655000000000001, 2.43, 3.263157894736842, 7.161056390961828, 0.012603914807018703]
[369.6912707195028, 1.0648333333333333, 2.473333333333333, 2.0476190476190474, 7.320020256217365, 0.009507100907698426]
[387.20387818125573, 1.0616666666666668, 2.5016666666666665, 1.9444444444444444, 7.444825198158398, 0.007126576794095551]
[405.54607358408276, 1.062, 2.524, 0.8695652173913043, 7.519296676532928, 0.004060118035982328]
[424.75715525368986, 1.0601666666666667, 2.561666666666667, 0.07142857142857142, 7.662969438464256, 0.00747863990181385]
[444.87828311275854, 1.06, 2.58, -0.8947368421052632, 7.726276813969198, 0.003146313464551089]
[465.9525668664682, 1.062, 2.59, -2.0476190476190474, 7.7435049467160315, 0.0008174955290616076]
[488.02515836544336, 1.0625, 2.6066666666666665, -2.9047619047619047, 7.7951311923567275, 0.0023389299640276945]
[511.14334834401654, 1.0613333333333335, 2.612, -4.117647058823529, 7.822427365141346, 0.0011807227473222387]
[535.3566677410724, 1.0633333333333335, 2.6, -4.842105263157895, 7.766078392665985, -0.0023271890793383748]
[560.7169938205458, 1.0633333333333335, 2.58, -8.411764705882353, 7.699005552514228, -0.0026447940748698146]
[587.2786613189483, 1.07, 2.56, -10.045454545454545, 7.577123752532797, -0.004588635106917178]
[615.0985788580505, 1.0643333333333334, 2.53, -11.26086956521739, 7.520857147120708, -0.002022529553978867]
[644.236350872137, 1.0695000000000001, 2.513333333333333, -11.8, 7.421386044851294, -0.0034138197739115002]
[674.7544053110693, 1.0633333333333335, 2.46, -13.483870967741936, 7.2853135753172085, -0.004458753090121513]
[706.7181273927491, 1.0733333333333335, 2.4216666666666664, -13.6, 7.067594938764187, -0.006811429407271934]
[740.1959996915645, 1.0775000000000001, 2.37, -15.0, 6.846621343546692, -0.006600586597772351]
[775.2597488629465, 1.071666666666667, 2.358333333333333, -15.0, 6.850909338721736, 0.00012229140569323789]
[811.9844993184009, 1.0733333333333335, 2.3000000000000003, -16.2, 6.6198643808284885, -0.00629126011825444]
[850.4489341802678, 1.064, 2.2516666666666665, -16.0, 6.51124941358715, -0.0028237764998080947]
[890.735463861044, 1.0655000000000001, 2.208333333333333, -16.0, 6.330223476779242, -0.004493460673885968]
[932.9304026284686, 1.0633333333333335, 2.1533333333333338, -16.333333333333332, 6.12883669875806, -0.004772770950829216]
[977.1241535346502, 1.0616666666666668, 2.11, -17.75, 5.965885466919715, -0.0036872007579594693]
[1023.4114021054527, 1.0633333333333335, 2.0816666666666666, -17.0, 5.834835193059462, -0.002831239226928663]
[1071.8913192051275, 1.0643333333333336, 2.0466666666666664, -16.833333333333332, 5.679389052034453, -0.0032064027812879993]
[1122.6677735108135, 1.066, 2.02, -16.5, 5.551883295121406, -0.0025111197435219276]
[1175.849554052157, 1.0633333333333335, 1.9933333333333334, -16.0, 5.458210018624593, -0.0017613790953086173]
[1231.550603292826, 1.062, 1.9733333333333334, -16.333333333333332, 5.381518705156141, -0.0013768378605776186]
[1289.8902612533082, 1.0683333333333334, 1.95, -16.2, 5.226556644546884, -0.00265620447610826]
[1350.9935211980264, 1.07, 1.9333333333333333, -15.4, 5.138459223161304, -0.0014417793987634069]
[1414.991297434576, 1.0666666666666667, 1.9233333333333331, -13.5, 5.120516696716509, -0.00028036171723335465]
[1482.0207057988587, 1.0655, 1.928333333333333, -14.761904761904763, 5.152573090357703, 0.00047824372053201236]
[1552.225357427048, 1.0716666666666668, 1.9216666666666666, -13.923076923076923, 5.072366687409539, -0.0011424656498966058]
[1625.755666443795, 1.0750000000000002, 1.92, -14.4, 5.037855289038507, -0.0004693492905513463]
[1702.7691722258996, 1.069, 1.92, -13.6, 5.086470469895431, 0.0006312552631284122]
[1783.4308769319093, 1.0733333333333333, 1.9233333333333331, -13.5, 5.06639882919801, -0.00024883729857404853]
[1867.9135990207828, 1.0750000000000002, 1.9249999999999998, -14.0, 5.060445391857905, -7.046928878359868e-05]
[1956.3983435170649, 1.0736666666666668, 1.9433333333333334, -13.8, 5.153556598786453, 0.0010522854245509049]
[2049.074689815848, 1.0696666666666668, 1.95, -13.8, 5.215722979733527, 0.0006707901576811465]
[2146.1411978584038, 1.0683333333333336, 1.9633333333333336, -15.0, 5.285745218645308, 0.0007213841346912653]
[2247.8058335487253, 1.062, 1.9816666666666667, -16.2, 5.418121749791953, 0.0013020902524047198]
[2354.286414322418, 1.07, 1.9916666666666665, -15.333333333333334, 5.396657544306064, -0.00020157859141948438]
[2465.811075822604, 1.0750000000000002, 2.005, -16.80952380952381, 5.414118254091537, 0.000156563665386643]
[2582.6187606826775, 1.0600000000000003, 2.013333333333333, -18.235294117647058, 5.57219637273398, 0.0013533195083166613]
[2704.9597304631343, 1.062, 2.026666666666667, -18.0, 5.613156156152446, 0.0003348002185365146]
[2833.096101839324, 1.064, 2.033333333333333, -21.0, 5.625339046641503, 9.50775362078152e-05]
[2967.3024081888693, 1.065, 2.043333333333333, -21.5, 5.659792240479921, 0.00025671814369648756]
[3107.866187782014, 1.066, 2.0366666666666666, -22.4, 5.623255016646766, -0.00025993341911344437]
[3255.08859983506, 1.062, 2.0483333333333333, -25.0, 5.705522315147204, 0.0005587960240102283]
[3409.285069746811, 1.0671666666666668, 2.02, -27.6, 5.542382360121994, -0.0010580005827537857]
[3570.7859649004627, 1.062, 2.0066666666666664, -29.333333333333332, 5.527014395854236, -9.515714605258006e-05]
[3739.937302478798, 1.0701999999999998, 1.9766666666666668, -31.75, 5.329369840127286, -0.0011684480806154996]
[3917.1014908092607, 1.0596666666666668, 1.945, -33.25, 5.275006649332321, -0.00030685202978810767]
[4102.658105827195, 1.0616666666666665, 1.9066666666666665, -36.0, 5.085731842433098, -0.0010200380454284995]
[4297.00470432084, 1.0585000000000002, 1.8466666666666667, -36.8, 4.833952953066729, -0.0012955147726683937]
[4500.557675700497, 1.0600000000000003, 1.8016666666666667, -40.2, 4.607371566097927, -0.001113132298846142]
[4713.753134116724, 1.0662, 1.7300000000000002, -39.5, 4.204148498797006, -0.0018913304734367211]
[4937.047852839004, 1.064, 1.6816666666666666, -41.5, 3.9759657578847496, -0.0010218904514085545]
[5170.920242896761, 1.06075, 1.6066666666666667, -44.666666666666664, 3.6062548616106724, -0.0015808231838857659]
[5415.871378079471, 1.0600000000000003, 1.54, -45.4, 3.2442971114338546, -0.0014776732914784528]
[5672.426068491977, 1.0585, 1.486, -48.0, 2.9465589413825133, -0.001160525147962085]
[5941.133984965034, 1.066, 1.3999999999999997, -49.0, 2.3674166197536897, -0.002155285669400418]
[6222.570836730231, 1.0600000000000003, 1.3366666666666667, -49.0, 2.0143450527149898, -0.0012545321084435216]
[6517.339604882427, 1.0535999999999999, 1.2633333333333334, -49.0, 1.5768438658936517, -0.0014842182554274084]
[6826.071834272386, 1.0531666666666666, 1.2016666666666667, -50.5, 1.1457381871088197, -0.0013963740670570018]
[7149.428986597577, 1.055, 1.1349999999999998, -49.5, 0.6348680379086002, -0.0015798943846661898]
[7488.103857590023, 1.057, 1.0866666666666667, -50.6, 0.2404271608170061, -0.001164659414900588]
[7842.822061337682, 1.0625, 1.0364999999999998, -49.0, -0.21519264584939207, -0.0012844556660828138]
[8214.34358491943, 1.055, 0.9855, -48.0, -0.5919166203649886, -0.0010140030943125242]
[8603.464416684501, 1.0523333333333331, 0.9199999999999999, -47.5, -1.1673099965399918, -0.0014787010337251574]
[9011.018251665018, 1.054, 0.8715999999999999, -49.0, -1.6504677860461974, -0.001185506669393265]
[9437.878277775382, 1.0583333333333333, 0.836, -46.25, -2.048323949386314, -0.0009320529892795621]
[9884.959046625587, 1.0548, 0.807, -43.75, -2.3259317279865246, -0.0006209342873641335]
[10353.218432956615, 1.057, 0.777, -42.0, -2.673079370130239, -0.0007413575729121718]
[10843.65968689611, 1.062, 0.7475, -40.2, -3.0502663949796602, -0.0007690768707151924]
[11357.333583431051, 1.0601666666666667, 0.722, -38.0, -3.3367389524649935, -0.0005576934304385988]
[11895.340673703207, 1.0596666666666668, 0.6958333333333333, -37.0, -3.653280875182665, -0.0005883601321267822]
[12458.833642950081, 1.0622500000000001, 0.6775000000000001, -32.0, -3.9063488043021737, -0.0004491057438706676]
[13049.019780144015, 1.06, 0.665, -30.75, -4.049684399233312, -0.0002428650656090195]
[13667.163564620074, 1.0636666666666665, 0.6551666666666668, -28.0, -4.209075120748047, -0.00025785379634583666]
[14314.589375234786, 1.0605, 0.6455000000000001, -25.333333333333332, -4.312288525002829, -0.0001594212071291762]
[14992.684327860472, 1.0596666666666665, 0.6383333333333333, -22.6, -4.402434992202627, -0.00013294077304474398]
[15702.901247293776, 1.059, 0.634, -19.25, -4.456134044515045, -7.560936784674884e-05]
[16446.761779946628, 1.05, 0.625, -17.0, -4.506185634517258, -6.728625569596045e-05]
[17225.859653987874, 1.0465, 0.627, -14.8, -4.449433836879776, 7.284296303249455e-05]
[18041.864093920718, 1.05, 0.6269999999999999, -13.0, -4.478435164784435, -3.554064964039389e-05]
[18896.523396912115, 1.0562, 0.6328333333333334, -9.944444444444445, -4.44913632792645, 3.428130572666374e-05]
[19791.668678535574, 1.0559999999999998, 0.641, -8.272727272727273, -4.336117773579518, 0.00012625721954536565]
[20729.2177959537, 1.05, 0.6526000000000001, -5.0, -4.130844592361639, 0.0002189465889351721]
[21711.179456945054, 1.0523333333333333, 0.6571666666666667, -4.05, -4.089556009659508, 4.204704149085339e-05]
[22739.657523579273, 1.052, 0.6635, -2.7241379310344827, -4.003496252345319, 8.367680372205366e-05]
[23816.855519761608, 1.061333333333333, 0.6759999999999999, -1.173913043478261, -3.9181021680866595, 7.927426950412294e-05]
[24945.081352303165, 1.0584999999999998, 0.694, -0.7777777777777778, -3.666627838011517, 0.00022289361120959755]
[26126.752255633266, 1.057, 0.703, 0.13636363636363635, -3.542393245752047, 0.00010513467997676948]
[27364.39997074672, 1.0532499999999998, 0.717, 0.9285714285714286, -3.3402462426217037, 0.00016333161743995356]
[28660.676169482504, 1.0511666666666668, 0.7335, 2.2222222222222223, -3.1254292486074946, 0.00016571853608336943]
[30018.35813575592, 1.045, 0.7493333333333333, 2.75, -2.888824765394235, 0.00017427091844100621]
[31440.354715915, 1.0542000000000002, 0.757, 2.652173913043478, -2.876542647577318, 8.637234426782516e-06]
[32929.71255097148, 1.0461666666666665, 0.7715000000000001, 3.037037037037037, -2.6452989573579977, 0.00015526402371297883]
[34489.6226040576, 1.048, 0.77925, 3.3529411764705883, -2.5736894339766074, 4.590618750082311e-05]
[36123.426997094306, 1.0492000000000001, 0.797, 3.272727272727273, -2.387999210444072, 0.0001136551133807384]
[37834.62617131933, 1.03775, 0.8099999999999999, 3.0384615384615383, -2.1521544634381464, 0.0001378242524647875]
[39626.88638701478, 1.0496666666666667, 0.8313999999999998, 3.238095238095238, -2.024827714933713, 7.104255698440913e-05]
[41504.047578504724, 1.05, 0.8370000000000001, 2.0952380952380953, -1.9692768215335614, 2.9593033167311297e-05]
[43470.131581250265, 1.0485, 0.8513999999999999, 2.9, -1.8086957792049012, 8.167557546087377e-05]
[45529.35074866948, 1.0521999999999998, 0.8618333333333332, 2.1481481481481484, -1.7335002014542829, 3.651654905915612e-05]
[47686.116977144746, 1.052, 0.879, 2.8636363636363638, -1.5605372948789673, 8.01954816853713e-05]
[49945.0511585514, 1.04475, 0.8809999999999999, 1.173913043478261, -1.4807294280723136, 3.532987701171387e-05]
[52310.993080562585, 1.0437999999999998, 0.8934000000000001, 0.8148148148148148, -1.3514268876724345, 5.4651612195942996e-05]
[54789.01179593945, 1.05, 0.903, 0.8571428571428571, -1.3100309751286456, 1.6705246125428567e-05]
[57384.416483023924, 1.0514999999999999, 0.9104000000000001, -0.8695652173913043, -1.251540559426877, 2.253614474568642e-05]
[60102.76782070388, 1.0438333333333334, 0.9213999999999999, -0.875, -1.0836590680200675, 6.175857001254746e-05]
[62949.88990221888, 1.0514999999999999, 0.9304, -1.8, -1.0627915060389566, 7.329352723086245e-06]
[65931.88271333542, 1.0546666666666666, 0.9368333333333333, -2.9523809523809526, -1.029057703933647, 1.1312502826818897e-05]
[69055.13520162331, 1.0485, 0.9571999999999999, -3.0, -0.7913148971992591, 7.612026489242116e-05]
[72326.33896483533, 1.048, 0.9667999999999999, -4.041666666666667, -0.7004928182419035, 2.776411545460462e-05]
[75752.5025877192, 1.045, 0.975, -4.909090909090909, -0.6022334949707189, 2.8679109956948875e-05]
[79340.96665797492, 1.048, 0.971, -8.0, -0.6628410547940606, -1.688955459404188e-05]
[83099.41949353387, 1.0416, 0.9811666666666666, -7.285714285714286, -0.5191637159118285, 3.82277881799904e-05]
[87035.91361485166, 1.0538333333333332, 0.9901666666666666, -8.84, -0.5412725887306242, -5.616386596150824e-06]
[91158.88299750836, 1.045, 1.0, -10.0, -0.3823258089414552, 3.8551530471649745e-05]
[95477.16114208066, 1.0499999999999998, 1.0008000000000001, -11.0625, -0.41684004769148825, -7.992592786876063e-06]
[100000.0, 1.0491666666666666, 1.0108, -12.833333333333334, -0.3235850162472126, 2.0618694225859756e-05]
