Bode taken on 19092019-154612
0 points could not be taken due to noise in the signal.
Obtained data is as follows:
['Frequency', 'Vpp 1', 'Vpp 2', 'Phase', 'Ratio', 'Slope']
[10.473708979594498, 1.085, 1.0816666666666668, 29.0, -0.02672583535645293]
[10.969857978923836, 1.0833333333333333, 1.0899999999999999, 30.0, 0.05328783362823407, 0.16126943537696214]
[11.489510001873091, 1.0883333333333332, 1.0966666666666667, 29.0, 0.06625424677763267, 0.024952107519582926]
[12.033778407775893, 1.085, 1.106666666666667, 29.5, 0.1717418159965123, 0.1938153456545081]
[12.603829296797274, 1.0833333333333335, 1.111666666666667, 28.166666666666668, 0.22424954547387008, 0.09211060010361345]
[13.200884008314182, 1.0883333333333334, 1.1233333333333333, 29.6, 0.2749343052049166, 0.08489131524023019]
[13.826221737646557, 1.08, 1.133333333333333, 28.0, 0.4186781367128578, 0.22986591847161575]
[14.481182276745338, 1.08, 1.1433333333333333, 28.666666666666668, 0.4949821967231655, 0.11650176683209243]
[15.167168884709225, 1.09, 1.155, 28.80952380952381, 0.5031097257507894, 0.011847941247348278]
[15.885651294280526, 1.1199999999999999, 1.1683333333333334, 29.2, 0.3669748982566698, -0.18947551906712307]
[16.63816886076129, 1.122, 1.17, 28.4, 0.3638600965203786, -0.004139174784793303]
[17.4263338600965, 1.0825, 1.1849999999999998, 29.142857142857142, 0.7858089064143914, 0.5353559346709291]
[18.251834943190435, 1.085, 1.1933333333333334, 28.666666666666668, 0.8266406747932721, 0.04946301006153171]
[19.116440753857017, 1.0816666666666668, 1.205, 29.0, 0.937872009883232, 0.12864976584439602]
[20.022003718155844, 1.09, 1.214, 30.0, 0.9358437759723021, -0.002239749184641666]
[20.970464013232327, 1.0783333333333334, 1.2316666666666667, 30.0, 1.1548031545225077, 0.23085771717259806]
[21.963853724165457, 1.075, 1.2533333333333332, 30.0, 1.3331625191274892, 0.17954621700021592]
[23.00430119772918, 1.08, 1.2699999999999998, 30.25, 1.4075993093801409, 0.0715430544491516]
[24.094035602395245, 1.0766666666666669, 1.2866666666666668, 31.0, 1.5476956468130414, 0.1285600755863364]
[25.23539170434766, 1.0740000000000003, 1.3, 31.0, 1.6587814188659975, 0.0973278820369311]
[26.430814869741056, 1.085, 1.34, 30.8, 1.8335012036051876, 0.14615726865364229]
[27.682866303920665, 1.0725, 1.3499999999999999, 31.8, 1.9987293527648835, 0.13196594376968185]
[28.994228538828768, 1.0866666666666667, 1.3766666666666667, 32.0, 2.0546490317692405, 0.04264243510739482]
[30.367711180354576, 1.0833333333333333, 1.42, 32.0, 2.35052476247689, 0.21542007285870027]
[31.80625692794119, 1.0833333333333333, 1.4433333333333331, 32.4, 2.4920907074898206, 0.09840906710852218]
[33.31294787934674, 1.0866666666666667, 1.4766666666666668, 33.0, 2.6637225231026123, 0.11391308579419131]
[34.891012134067736, 1.08, 1.51, 32.833333333333336, 2.9110638361243946, 0.15673716217943995]
[36.54383070957256, 1.0816666666666668, 1.5483333333333331, 34.0, 3.115420343865449, 0.12364122158939146]
[38.274944785163115, 1.0833333333333333, 1.5816666666666668, 32.0, 3.287057115688743, 0.09914815796569716]
[40.08806328898464, 1.08, 1.6200000000000003, 33.5, 3.521825181113626, 0.12948302327181604]
[41.9870708444391, 1.064, 1.663333333333333, 34.2, 3.8807532588939604, 0.1890082410411672]
[43.97603609302721, 1.0740000000000003, 1.7100000000000002, 32.75, 4.039836580572339, 0.07998295686227083]
[46.05922041145106, 1.0750000000000002, 1.7559999999999998, 33.0, 4.262320946369191, 0.10680013469244308]
[48.241087041653685, 1.0733333333333335, 1.8066666666666669, 30.5, 4.5228682968511205, 0.11941488396920615]
[50.526310653356795, 1.0733333333333335, 1.8666666666666665, 32.0, 4.806643106207388, 0.12417813639899272]
[52.91978735958442, 1.076, 1.9133333333333333, 31.5, 4.999567326958815, 0.08060417728296837]
[55.42664520663107, 1.0750000000000002, 1.9766666666666668, 30.0, 5.29049948785952, 0.11605451072682682]
[58.05225516094899, 1.07, 2.03, 30.0, 5.562245204560064, 0.10349812859813669]
[60.80224261649424, 1.064, 2.0949999999999998, 29.0, 5.884847986865694, 0.11731063778313346]
[63.68249944718586, 1.0700000000000003, 2.1683333333333334, 27.4, 6.1348453698546574, 0.08679690655535502]
[66.69919663030122, 1.07, 2.225, 26.5, 6.358924752634815, 0.07427970697037277]
[69.8587974678525, 1.07, 2.28, 25.8, 6.571021386304881, 0.06712766725129851]
[73.16807143427197, 1.0666666666666667, 2.3516666666666666, 24.0, 6.866940795409214, 0.0894212483182551]
[76.63410868007459, 1.069, 2.3733333333333335, 23.0, 6.927620674168319, 0.01750698981454639]
[80.26433522257175, 1.0859999999999999, 2.415, 19.310344827586206, 6.941746196694059, 0.0038910856830503223]
[84.06652885618325, 1.08, 2.45, 18.75, 7.114846577551655, 0.04552645065926788]
[88.04883581643465, 1.0733333333333335, 2.481666666666667, 14.714285714285714, 7.280176607847281, 0.041516144271608005]
[92.21978823334327, 1.0683333333333334, 2.5066666666666664, 14.25, 7.40779613473612, 0.03059721476837825]
[96.58832241158703, 1.076, 2.521666666666666, 12.1, 7.397508126183451, -0.0023550253089252133]
[101.1637979766207, 1.0666666666666667, 2.5216666666666665, 11.38888888888889, 7.4731790807859895, 0.01653838022452234]
[105.9560179277616, 1.076, 2.5116666666666663, 8.25, 7.362994612012354, -0.02299236468630858]
[110.97524964120721, 1.0633333333333335, 2.5, 8.1875, 7.4254116066903775, 0.012435567481536942]
[116.23224686798518, 1.0643333333333336, 2.49, 5.0625, 7.382433665519077, -0.00817537832289134]
[121.7382727739662, 1.0636666666666665, 2.456666666666667, 4.055555555555555, 7.270813673310823, -0.020272333278890886]
[127.50512407130128, 1.0566666666666669, 2.43, 2.1739130434782608, 7.233365322004462, -0.0064937258437139924]
[133.54515629298987, 1.062, 2.41, 1.2380952380952381, 7.117850516588362, -0.01912486575838267]
[139.87131026472386, 1.0618, 2.3833333333333333, 0.09523809523809523, 7.022841321525599, -0.015018476547879777]
[146.49713983072849, 1.0584999999999998, 2.3516666666666666, -0.8235294117647058, 6.93369802030547, -0.013453907972142756]
[153.43684089300132, 1.06075, 2.3516666666666666, -1.1666666666666667, 6.915254458641012, -0.0026576882057246887]
[160.70528182616385, 1.0655000000000001, 2.3283333333333336, -0.95, 6.7898340336063505, -0.0172554783326953]
[168.31803533309568, 1.0618, 2.3000000000000003, -2.1904761904761907, 6.713702300249096, -0.010000551480871164]
[176.2914118095948, 1.0648000000000002, 2.283333333333333, -1.9166666666666667, 6.626025486122886, -0.010996196452610818]
[184.64249428955426, 1.0601666666666667, 2.26, -2.8636363636363638, 6.574685879090242, -0.006147658959882925]
[193.38917504552322, 1.0633333333333335, 2.2416666666666667, -2.6666666666666665, 6.478032112345289, -0.011050336629583034]
[202.55019392306664, 1.062, 2.2233333333333336, -2.85, 6.417601249028727, -0.006596522081697455]
[212.14517849106298, 1.0628333333333335, 2.2133333333333334, -3.0526315789473686, 6.37163316089487, -0.004790845447233079]
[222.19468609395238, 1.0618, 2.215, -3.0454545454545454, 6.386620191079003, 0.0014913198513153048]
[232.72024789604072, 1.0573333333333332, 2.216666666666667, -2.9565217391304346, 6.429769333150769, 0.004099462136377796]
[243.74441501222216, 1.0600000000000003, 2.2100000000000004, -3.125, 6.3817281684068075, -0.0043578044706384725]
[255.29080682395167, 1.062, 2.2233333333333336, -3.2777777777777777, 6.417601249028727, 0.003106865002231902]
[267.3841615839947, 1.0651666666666666, 2.24, -3.8636363636363638, 6.456609023385015, 0.003225554457822709]
[280.0503894183631, 1.0625, 2.2483333333333335, -3.9583333333333335, 6.510635211318229, 0.004265373135529743]
[293.31662783900424, 1.062, 2.264, -4.791666666666667, 6.57503811541567, 0.004854646965882614]
[307.21129988617594, 1.071, 2.293333333333333, -4.714285714285714, 6.6135542536798635, 0.0027720077259422255]
[321.76417502507354, 1.0659999999999998, 2.3066666666666666, -6.275862068965517, 6.704552700930839, 0.006252953205635003]
[337.0064329271928, 1.0650000000000002, 2.3416666666666663, -7.125, 6.843509321653968, 0.00911653782631567]
[352.970730273065, 1.062, 2.356666666666667, -8.3, 6.923472846635735, 0.005008897244227447]
[369.6912707195028, 1.0666666666666667, 2.3666666666666667, -8.882352941176471, 6.922167407983386, -7.807395081105506e-05]
[387.20387818125573, 1.0643333333333336, 2.3733333333333335, -10.4, 6.965621501948228, 0.002481303487201739]
[405.54607358408276, 1.07125, 2.39, -11.11111111111111, 6.970141320337663, 0.00024641643435648807]
[424.75715525368986, 1.0650000000000002, 2.4066666666666667, -12.75, 7.081326701504402, 0.005787564858601368]
[444.87828311275854, 1.0633333333333335, 2.4, -14.0, 7.070836267481746, -0.0005213641151794501]
[465.9525668664682, 1.0636666666666665, 2.4, -16.2, 7.068113844755162, -0.00012918221840420212]
[488.02515836544336, 1.0625, 2.3933333333333335, -18.1, 7.0534850160057765, -0.0006627599097308022]
[511.14334834401654, 1.0622500000000001, 2.383333333333333, -19.4, 7.019160946397321, -0.0014847213229179507]
[535.3566677410724, 1.062, 2.35, -22.857142857142858, 6.89886691052572, -0.004968093547976232]
[560.7169938205458, 1.066, 2.34, -24.75, 6.829173054391786, -0.002748145111207532]
[587.2786613189483, 1.062, 2.293333333333333, -26.0, 6.686853335407969, -0.005358086761396916]
[615.0985788580505, 1.066, 2.24, -29.2, 6.449816272872187, -0.008520408523951048]
[644.236350872137, 1.0643333333333336, 2.18, -30.333333333333332, 6.227576595696446, -0.007627202143949118]
[674.7544053110693, 1.0636666666666665, 2.11, -32.0, 5.9495381164768935, -0.00911062268978901]
[706.7181273927491, 1.071666666666667, 2.0500000000000003, -34.5, 5.633882770303515, -0.00987542518880483]
[740.1959996915645, 1.0596666666666668, 1.9799999999999998, -35.6, 5.429918341328412, -0.006092514696112307]
[775.2597488629465, 1.0617999999999999, 1.9100000000000001, -36.0, 5.09981292485179, -0.009414435828386651]
[811.9844993184009, 1.0616666666666668, 1.8416666666666668, -39.2, 4.784456913715581, -0.008587015765259512]
[850.4489341802678, 1.062, 1.7699999999999998, -39.2, 4.4369749923271256, -0.009033849649327482]
[890.735463861044, 1.0583333333333336, 1.7, -39.5, 4.116528929398836, -0.007954173900493572]
[932.9304026284686, 1.0601666666666667, 1.6466666666666667, -40.666666666666664, 3.8246309802219147, -0.006917842701131542]
[977.1241535346502, 1.0585, 1.585, -41.0, 3.506768083966791, -0.007192485130531499]
[1023.4114021054527, 1.0625, 1.5199999999999998, -41.25, 3.110292984448467, -0.008565536119777409]
[1071.8913192051275, 1.0616666666666668, 1.46, -41.5, 2.767293476654605, -0.007075084453809072]
[1122.6677735108135, 1.057333333333333, 1.405, -41.8, 2.469288006303901, -0.005868969671585222]
[1175.849554052157, 1.059, 1.3416666666666668, -42.0, 2.0549733975347992, -0.007790536618965107]
[1231.550603292826, 1.0585, 1.2833333333333334, -41.8, 1.6729722486681495, -0.006858060199478941]
[1289.8902612533082, 1.064, 1.2300000000000002, -42.0, 1.259269669607372, -0.007091275360939035]
[1350.9935211980264, 1.0577999999999999, 1.1866666666666665, -40.666666666666664, 0.9985036114049421, -0.004267629230230134]
[1414.991297434576, 1.0593333333333332, 1.1416666666666664, -40.833333333333336, 0.6501336591416705, -0.0054434696445642364]
[1482.0207057988587, 1.0548000000000002, 1.0916666666666668, -40.0, 0.2983985697348534, -0.005247474175741681]
[1552.225357427048, 1.0584999999999998, 1.0604, -39.8, 0.015577134112501737, -0.0040285284388305405]
[1625.755666443795, 1.0601666666666667, 1.0241666666666667, -38.0, -0.30007016708119, -0.00429275091339275]
[1702.7691722258996, 1.062, 0.988, -37.2, -0.6273514431564433, -0.004249660793280009]
[1783.4308769319093, 1.0650000000000002, 0.9555999999999999, -36.0, -0.9414693339383279, -0.0038942629829949683]
[1867.9135990207828, 1.0643333333333334, 0.9015, -36.0, -1.4422386552272344, -0.005927476162073836]
[1956.3983435170649, 1.0600000000000003, 0.8821666666666665, -33.833333333333336, -1.5951044331429238, -0.0017275947259147322]
[2049.074689815848, 1.0643333333333336, 0.8531666666666666, -31.75, -1.9208756930636162, -0.003515150013256071]
[2146.1411978584038, 1.0636666666666668, 0.83, -29.5, -2.1545491419554827, -0.002407354025648272]
[2247.8058335487253, 1.0666666666666667, 0.7996000000000001, -28.2, -2.503118763083283, -0.003428622143392817]
[2354.286414322418, 1.0683333333333331, 0.77425, -26.0, -2.7965113021269863, -0.0027553619346541917]
[2465.811075822604, 1.0643333333333336, 0.7575000000000001, -24.25, -2.953900532908798, -0.0014112504684136527]
[2582.6187606826775, 1.064, 0.741, -23.0, -3.1424683995940246, -0.0016143446975352361]
[2704.9597304631343, 1.0662, 0.722, -20.6, -3.386029612386122, -0.0019908393175987783]
[2833.096101839324, 1.0600000000000003, 0.7013333333333334, -17.0, -3.5876276900546267, -0.0015733087764491314]
[2967.3024081888693, 1.0585, 0.684, -14.6, -3.7926952127062914, -0.001528002135142285]
[3107.866187782014, 1.0550000000000002, 0.6750000000000002, -11.5, -3.87897373605373, -0.0006138033823305543]
[3255.08859983506, 1.0583333333333336, 0.67, -8.28, -3.970953444150114, -0.0006247670229940444]
[3409.285069746811, 1.0577999999999999, 0.661, -4.769230769230769, -4.084042063946507, -0.0007334060232449872]
[3570.7859649004627, 1.05675, 0.663, -1.76, -4.049174561925668, 0.000215896648669758]
[3739.937302478798, 1.055, 0.666, 1.0689655172413792, -3.995564609268207, 0.00031693484322956397]
[3917.1014908092607, 1.06725, 0.6676, 3.9655172413793105, -4.0749967093755055, -0.0004483530269623939]
[4102.658105827195, 1.0577999999999999, 0.6756666666666667, 8.368421052631579, -3.893421374192385, 0.0009785441233963602]
[4297.00470432084, 1.0605, 0.6878333333333333, 11.2, -3.760549087176167, 0.0006836872270782926]
[4500.557675700497, 1.0577999999999999, 0.7013333333333334, 13.4, -3.569581638418531, 0.000938170774237691]
[4713.753134116724, 1.059, 0.717, 16.6, -3.3875360887936976, 0.0008538903735436108]
[4937.047852839004, 1.0561666666666667, 0.7360000000000001, 18.4, -3.137092848081941, 0.0011215815678258037]
[5170.920242896761, 1.0566666666666666, 0.7581666666666668, 20.0, -2.883466421035549, 0.0010844650237839392]
[5415.871378079471, 1.0596666666666668, 0.7871666666666667, 23.4, -2.5820515600410836, 0.0012305101618314174]
[5672.426068491977, 1.0612, 0.8156666666666665, 25.25, -2.2856905335632973, 0.001155157311687719]
[5941.133984965034, 1.059, 0.851, 28.0, -1.8993280004579425, 0.0014378531833992147]
[6222.570836730231, 1.0573333333333332, 0.883, 28.2, -1.5650244069667028, 0.0011878458396420274]
[6517.339604882427, 1.0555, 0.928, 29.8, -1.1182052284962631, 0.00151582944581068]
[6826.071834272386, 1.0612, 0.983, 30.4, -0.6648744695631186, 0.0014683622757135078]
[7149.428986597577, 1.0579999999999998, 1.027, 32.0, -0.2583044820377746, 0.0012573403266381686]
[7488.103857590023, 1.0581666666666667, 1.08, 31.25, 0.1773935759248252, 0.001286478848241203]
[7842.822061337682, 1.055, 1.128, 31.8, 0.5811328002722398, 0.0011381970817450034]
[8214.34358491943, 1.0593333333333332, 1.1883333333333332, 31.0, 0.9981128263304729, 0.001122357655185708]
[8603.464416684501, 1.052, 1.2483333333333333, 31.6, 1.4862965499620504, 0.0012545813119723061]
[9011.018251665018, 1.055, 1.3, 30.25, 1.8138178534625067, 0.0008036270926419156]
[9437.878277775382, 1.0566666666666666, 1.3625000000000003, 29.666666666666668, 2.207970069011821, 0.0009233757940299782]
[9884.959046625587, 1.0616666666666668, 1.4333333333333333, 29.0, 2.6071803781643457, 0.0008929265961924676]
[10353.218432956615, 1.0625, 1.5116666666666667, 26.6, 3.06254195908205, 0.0009724558529101089]
[10843.65968689611, 1.0546666666666666, 1.5616666666666668, 26.0, 3.4094624079631637, 0.0007073639219671212]
[11357.333583431051, 1.04975, 1.6116666666666666, 23.2, 3.723786807787616, 0.0006119142941558276]
[11895.340673703207, 1.0600000000000003, 1.67, 21.2, 3.9482121176562583, 0.00041714191862251215]
[12458.833642950081, 1.0514999999999999, 1.7, 18.5, 4.172792887118681, 0.00039855114743060925]
[13049.019780144015, 1.0612, 1.7516666666666667, 15.5, 4.353084486686141, 0.00030548260659707204]
[13667.163564620074, 1.059, 1.7749999999999997, 12.25, 4.486047945672557, 0.00021510118248477833]
[14314.589375234786, 1.057, 1.7916666666666667, 11.090909090909092, 4.583644531211085, 0.00015074558959251723]
[14992.684327860472, 1.0538333333333332, 1.8116666666666668, 9.4, 4.706127245461527, 0.00018062767430456465]
[15702.901247293776, 1.052, 1.8266666666666669, 6.137931034482759, 4.792871278939729, 0.00012213737958737553]
[16446.761779946628, 1.0561666666666665, 1.828, 3.1739130434782608, 4.764874693124334, -3.76368749065771e-05]
[17225.859653987874, 1.0478, 1.8283333333333334, 1.0434782608695652, 4.835539661582801, 9.070101563995018e-05]
[18041.864093920718, 1.05175, 1.8133333333333335, -1.12, 4.731302485789671, -0.00012774094195088984]
[18896.523396912115, 1.0547999999999997, 1.8050000000000004, -3.130434782608696, 4.6661417024056036, -7.624182309371462e-05]
[19791.668678535574, 1.055, 1.7733333333333334, -5.0, 4.510758358833486, -0.00017358449713359434]
[20729.2177959537, 1.0499999999999998, 1.7425000000000002, -8.0, 4.399669754002183, -0.00011848830399118155]
[21711.179456945054, 1.059, 1.7349999999999999, -10.0, 4.288070380388151, -0.00011364942038711102]
[22739.657523579273, 1.055, 1.6975, -10.91304347826087, 4.131146466376557, -0.00015257876575349837]
[23816.855519761608, 1.0554999999999999, 1.67, -12.11111111111111, 3.985164670078163, -0.00013551992931268346]
[24945.081352303165, 1.0558333333333334, 1.6316666666666666, -14.045454545454545, 3.780721451673552, -0.00018120770904887106]
[26126.752255633266, 1.052, 1.61, -15.0, 3.696202724282589, -7.152475968797946e-05]
[27364.39997074672, 1.055, 1.5750000000000002, -16.0, 3.480561969838158, -0.00017423435749215887]
[28660.676169482504, 1.0612, 1.54, -17.4, 3.2344695905234304, -0.0001898456359491391]
[30018.35813575592, 1.0538333333333332, 1.5025, -18.0, 3.0808509849040506, -0.00011314771016737759]
[31440.354715915, 1.0506, 1.4816666666666667, -18.0, 2.986262282389606, -6.651823487779624e-05]
[32929.71255097148, 1.0511666666666668, 1.45, -19.166666666666668, 2.7939284325059726, -0.00012913877736866325]
[34489.6226040576, 1.0503333333333333, 1.4249999999999998, -20.666666666666668, 2.649754317803834, -9.242463334145785e-05]
[36123.426997094306, 1.0485, 1.3966666666666665, -18.25, 2.490486668905404, -9.748269105973187e-05]
[37834.62617131933, 1.0453333333333334, 1.37, -22.2, 2.3493153572733676, -8.249846876882162e-05]
[39626.88638701478, 1.0521999999999998, 1.345, -21.25, 2.1324797375457303, -0.00012098445182721325]
[41504.047578504724, 1.0502500000000001, 1.3100000000000003, -22.2, 1.9195721089146942, -0.00011342000335200145]
[43470.131581250265, 1.0514, 1.29, -22.0, 1.7764347523368518, -7.28032761458605e-05]
[45529.35074866948, 1.0478, 1.2750000000000001, -22.0, 1.704635813160932, -3.486707015548236e-05]
[47686.116977144746, 1.0445, 1.26, -23.0, 1.629242016024711, -3.4956870216537565e-05]
[49945.0511585514, 1.0457999999999998, 1.235, -23.75, 1.4443664020409566, -8.184196578433764e-05]
[52310.993080562585, 1.0485, 1.22, -23.6, 1.3158279174677112, -5.4328672812044575e-05]
[54789.01179593945, 1.0476666666666665, 1.21, -23.4, 1.2512448803706504, -2.6062368575468508e-05]
[57384.416483023924, 1.045, 1.1966666666666665, -23.75, 1.1771380682316774, -2.8553085577656167e-05]
[60102.76782070388, 1.043, 1.1833333333333333, -23.0, 1.0964557981780159, -2.968058945703536e-05]
[62949.88990221888, 1.045, 1.1716666666666666, -24.0, 0.9937556837821513, -3.607155276643991e-05]
[65931.88271333542, 1.0499999999999998, 1.16, -23.5, 0.8653738031396087, -4.305237764623343e-05]
[69055.13520162331, 1.0478, 1.1549999999999998, -24.0, 0.8460718023247116, -6.180096193720817e-06]
[72326.33896483533, 1.0546666666666666, 1.154, -24.5, 0.7818117742747221, -1.9644153254119526e-05]
[75752.5025877192, 1.048, 1.135, -26.0, 0.6926915776286725, -2.6011658068751434e-05]
[79340.96665797492, 1.045, 1.135, -25.833333333333332, 0.7175914216413743, 6.938858387657598e-06]
[83099.41949353387, 1.048, 1.1316666666666666, -25.333333333333332, 0.6671448249830025, -1.3422171001081457e-05]
[87035.91361485166, 1.0436, 1.111666666666667, -26.0, 0.5488102620944447, -3.0060901716511172e-05]
[91158.88299750836, 1.048, 1.11, -27.0, 0.49923392277899187, -1.2024425775266722e-05]
[95477.16114208066, 1.045, 1.1066666666666667, -26.25, 0.49801077074602196, -2.8324994176378083e-07]
[100000.0, 1.041, 1.1, -27.2, 0.4788391129537792, -4.2388549303882096e-06]
