vcm	V(vout)
Step Information: Run=1  (Run: 1/100)
-1.000000000000000e-001	1.166118e-002
-9.000000000000001e-002	1.097934e-002
-8.000000000000002e-002	1.029700e-002
-7.000000000000002e-002	9.613867e-003
-6.000000000000002e-002	8.929694e-003
-5.000000000000002e-002	8.244297e-003
-4.000000000000002e-002	7.557565e-003
-3.000000000000001e-002	6.869473e-003
-2.000000000000001e-002	6.180059e-003
-1.000000000000001e-002	5.489381e-003
-1.040834085586084e-017	4.797490e-003
9.999999999999990e-003	4.104414e-003
1.999999999999999e-002	3.410146e-003
2.999999999999999e-002	2.714648e-003
3.999999999999999e-002	2.017864e-003
5.000000000000000e-002	1.319738e-003
6.000000000000000e-002	6.202550e-004
6.999999999999999e-002	-8.053195e-005
7.999999999999999e-002	-7.824781e-004
8.999999999999998e-002	-1.485372e-003
1.000000000000000e-001	-2.188978e-003
Step Information: Run=2  (Run: 2/100)
-1.000000000000000e-001	1.771875e-002
-9.000000000000001e-002	1.720776e-002
-8.000000000000002e-002	1.669620e-002
-7.000000000000002e-002	1.618384e-002
-6.000000000000002e-002	1.567046e-002
-5.000000000000002e-002	1.515587e-002
-4.000000000000002e-002	1.463996e-002
-3.000000000000001e-002	1.412270e-002
-2.000000000000001e-002	1.360414e-002
-1.000000000000001e-002	1.308432e-002
-1.040834085586084e-017	1.256330e-002
9.999999999999990e-003	1.204111e-002
1.999999999999999e-002	1.151774e-002
2.999999999999999e-002	1.099315e-002
3.999999999999999e-002	1.046729e-002
5.000000000000000e-002	9.940105e-003
6.000000000000000e-002	9.411575e-003
6.999999999999999e-002	8.881754e-003
7.999999999999999e-002	8.350783e-003
8.999999999999998e-002	7.818872e-003
1.000000000000000e-001	7.286252e-003
Step Information: Run=3  (Run: 3/100)
-1.000000000000000e-001	-6.565503e-004
-9.000000000000001e-002	-3.877385e-004
-8.000000000000002e-002	-1.195023e-004
-7.000000000000002e-002	1.479385e-004
-6.000000000000002e-002	4.143585e-004
-5.000000000000002e-002	6.795723e-004
-4.000000000000002e-002	9.434729e-004
-3.000000000000001e-002	1.206037e-003
-2.000000000000001e-002	1.467299e-003
-1.000000000000001e-002	1.727318e-003
-1.040834085586084e-017	1.986144e-003
9.999999999999990e-003	2.243802e-003
1.999999999999999e-002	2.500287e-003
2.999999999999999e-002	2.755563e-003
3.999999999999999e-002	3.009572e-003
5.000000000000000e-002	3.262262e-003
6.000000000000000e-002	3.513615e-003
6.999999999999999e-002	3.763686e-003
7.999999999999999e-002	4.012615e-003
8.999999999999998e-002	4.260609e-003
1.000000000000000e-001	4.507898e-003
Step Information: Run=4  (Run: 4/100)
-1.000000000000000e-001	-1.736006e-002
-9.000000000000001e-002	-1.724215e-002
-8.000000000000002e-002	-1.712481e-002
-7.000000000000002e-002	-1.700827e-002
-6.000000000000002e-002	-1.689274e-002
-5.000000000000002e-002	-1.677841e-002
-4.000000000000002e-002	-1.666539e-002
-3.000000000000001e-002	-1.655370e-002
-2.000000000000001e-002	-1.644330e-002
-1.000000000000001e-002	-1.633414e-002
-1.040834085586084e-017	-1.622616e-002
9.999999999999990e-003	-1.611935e-002
1.999999999999999e-002	-1.601370e-002
2.999999999999999e-002	-1.590925e-002
3.999999999999999e-002	-1.580606e-002
5.000000000000000e-002	-1.570419e-002
6.000000000000000e-002	-1.560364e-002
6.999999999999999e-002	-1.550437e-002
7.999999999999999e-002	-1.540623e-002
8.999999999999998e-002	-1.530902e-002
1.000000000000000e-001	-1.521251e-002
Step Information: Run=5  (Run: 5/100)
-1.000000000000000e-001	-1.271272e-003
-9.000000000000001e-002	-1.628371e-003
-8.000000000000002e-002	-1.986049e-003
-7.000000000000002e-002	-2.344527e-003
-6.000000000000002e-002	-2.704033e-003
-5.000000000000002e-002	-3.064754e-003
-4.000000000000002e-002	-3.426797e-003
-3.000000000000001e-002	-3.790185e-003
-2.000000000000001e-002	-4.154884e-003
-1.000000000000001e-002	-4.520834e-003
-1.040834085586084e-017	-4.887985e-003
9.999999999999990e-003	-5.256310e-003
1.999999999999999e-002	-5.625817e-003
2.999999999999999e-002	-5.996542e-003
3.999999999999999e-002	-6.368541e-003
5.000000000000000e-002	-6.741868e-003
6.000000000000000e-002	-7.116541e-003
6.999999999999999e-002	-7.492505e-003
7.999999999999999e-002	-7.869615e-003
8.999999999999998e-002	-8.247665e-003
1.000000000000000e-001	-8.626421e-003
Step Information: Run=6  (Run: 6/100)
-1.000000000000000e-001	1.125149e-002
-9.000000000000001e-002	1.078568e-002
-8.000000000000002e-002	1.031939e-002
-7.000000000000002e-002	9.852298e-003
-6.000000000000002e-002	9.384185e-003
-5.000000000000002e-002	8.914862e-003
-4.000000000000002e-002	8.444220e-003
-3.000000000000001e-002	7.972235e-003
-2.000000000000001e-002	7.498941e-003
-1.000000000000001e-002	7.024398e-003
-1.040834085586084e-017	6.548656e-003
9.999999999999990e-003	6.071742e-003
1.999999999999999e-002	5.593650e-003
2.999999999999999e-002	5.114342e-003
3.999999999999999e-002	4.633762e-003
5.000000000000000e-002	4.151857e-003
6.000000000000000e-002	3.668610e-003
6.999999999999999e-002	3.184073e-003
7.999999999999999e-002	2.698390e-003
8.999999999999998e-002	2.211769e-003
1.000000000000000e-001	1.724440e-003
Step Information: Run=7  (Run: 7/100)
-1.000000000000000e-001	1.079519e-002
-9.000000000000001e-002	1.084909e-002
-8.000000000000002e-002	1.090250e-002
-7.000000000000002e-002	1.095512e-002
-6.000000000000002e-002	1.100672e-002
-5.000000000000002e-002	1.105711e-002
-4.000000000000002e-002	1.110618e-002
-3.000000000000001e-002	1.115391e-002
-2.000000000000001e-002	1.120033e-002
-1.000000000000001e-002	1.124550e-002
-1.040834085586084e-017	1.128947e-002
9.999999999999990e-003	1.133228e-002
1.999999999999999e-002	1.137390e-002
2.999999999999999e-002	1.141431e-002
3.999999999999999e-002	1.145345e-002
5.000000000000000e-002	1.149127e-002
6.000000000000000e-002	1.152774e-002
6.999999999999999e-002	1.156293e-002
7.999999999999999e-002	1.159697e-002
8.999999999999998e-002	1.163007e-002
1.000000000000000e-001	1.166246e-002
Step Information: Run=8  (Run: 8/100)
-1.000000000000000e-001	1.448852e-002
-9.000000000000001e-002	1.461828e-002
-8.000000000000002e-002	1.474748e-002
-7.000000000000002e-002	1.487588e-002
-6.000000000000002e-002	1.500326e-002
-5.000000000000002e-002	1.512944e-002
-4.000000000000002e-002	1.525430e-002
-3.000000000000001e-002	1.537783e-002
-2.000000000000001e-002	1.550005e-002
-1.000000000000001e-002	1.562103e-002
-1.040834085586084e-017	1.574082e-002
9.999999999999990e-003	1.585943e-002
1.999999999999999e-002	1.597688e-002
2.999999999999999e-002	1.609311e-002
3.999999999999999e-002	1.620808e-002
5.000000000000000e-002	1.632173e-002
6.000000000000000e-002	1.643404e-002
6.999999999999999e-002	1.654507e-002
7.999999999999999e-002	1.665495e-002
8.999999999999998e-002	1.676390e-002
1.000000000000000e-001	1.687213e-002
Step Information: Run=9  (Run: 9/100)
-1.000000000000000e-001	-1.960105e-002
-9.000000000000001e-002	-1.895395e-002
-8.000000000000002e-002	-1.830744e-002
-7.000000000000002e-002	-1.766172e-002
-6.000000000000002e-002	-1.701702e-002
-5.000000000000002e-002	-1.637354e-002
-4.000000000000002e-002	-1.573137e-002
-3.000000000000001e-002	-1.509053e-002
-2.000000000000001e-002	-1.445101e-002
-1.000000000000001e-002	-1.381272e-002
-1.040834085586084e-017	-1.317563e-002
9.999999999999990e-003	-1.253971e-002
1.999999999999999e-002	-1.190496e-002
2.999999999999999e-002	-1.127143e-002
3.999999999999999e-002	-1.063916e-002
5.000000000000000e-002	-1.000822e-002
6.000000000000000e-002	-9.378614e-003
6.999999999999999e-002	-8.750292e-003
7.999999999999999e-002	-8.123113e-003
8.999999999999998e-002	-7.496867e-003
1.000000000000000e-001	-6.871324e-003
Step Information: Run=10  (Run: 10/100)
-1.000000000000000e-001	-4.702944e-003
-9.000000000000001e-002	-4.459689e-003
-8.000000000000002e-002	-4.217013e-003
-7.000000000000002e-002	-3.975138e-003
-6.000000000000002e-002	-3.734291e-003
-5.000000000000002e-002	-3.494657e-003
-4.000000000000002e-002	-3.256345e-003
-3.000000000000001e-002	-3.019376e-003
-2.000000000000001e-002	-2.783717e-003
-1.000000000000001e-002	-2.549308e-003
-1.040834085586084e-017	-2.316099e-003
9.999999999999990e-003	-2.084064e-003
1.999999999999999e-002	-1.853209e-003
2.999999999999999e-002	-1.623572e-003
3.999999999999999e-002	-1.395207e-003
5.000000000000000e-002	-1.168170e-003
6.000000000000000e-002	-9.424767e-004
6.999999999999999e-002	-7.180740e-004
7.999999999999999e-002	-4.948180e-004
8.999999999999998e-002	-2.725014e-004
1.000000000000000e-001	-5.089408e-005
Step Information: Run=11  (Run: 11/100)
-1.000000000000000e-001	-2.084726e-002
-9.000000000000001e-002	-2.041990e-002
-8.000000000000002e-002	-1.999311e-002
-7.000000000000002e-002	-1.956712e-002
-6.000000000000002e-002	-1.914213e-002
-5.000000000000002e-002	-1.871835e-002
-4.000000000000002e-002	-1.829586e-002
-3.000000000000001e-002	-1.787470e-002
-2.000000000000001e-002	-1.745483e-002
-1.000000000000001e-002	-1.703619e-002
-1.040834085586084e-017	-1.661873e-002
9.999999999999990e-003	-1.620242e-002
1.999999999999999e-002	-1.578728e-002
2.999999999999999e-002	-1.537334e-002
3.999999999999999e-002	-1.496065e-002
5.000000000000000e-002	-1.454926e-002
6.000000000000000e-002	-1.413921e-002
6.999999999999999e-002	-1.373042e-002
7.999999999999999e-002	-1.332276e-002
8.999999999999998e-002	-1.291602e-002
1.000000000000000e-001	-1.250998e-002
Step Information: Run=12  (Run: 12/100)
-1.000000000000000e-001	-9.470239e-003
-9.000000000000001e-002	-9.450386e-003
-8.000000000000002e-002	-9.431115e-003
-7.000000000000002e-002	-9.412648e-003
-6.000000000000002e-002	-9.395211e-003
-5.000000000000002e-002	-9.378990e-003
-4.000000000000002e-002	-9.364093e-003
-3.000000000000001e-002	-9.350543e-003
-2.000000000000001e-002	-9.338303e-003
-1.000000000000001e-002	-9.327318e-003
-1.040834085586084e-017	-9.317534e-003
9.999999999999990e-003	-9.308926e-003
1.999999999999999e-002	-9.301500e-003
2.999999999999999e-002	-9.295295e-003
3.999999999999999e-002	-9.290366e-003
5.000000000000000e-002	-9.286766e-003
6.000000000000000e-002	-9.284513e-003
6.999999999999999e-002	-9.283552e-003
7.999999999999999e-002	-9.283740e-003
8.999999999999998e-002	-9.284868e-003
1.000000000000000e-001	-9.286704e-003
Step Information: Run=13  (Run: 13/100)
-1.000000000000000e-001	-1.652982e-002
-9.000000000000001e-002	-1.617001e-002
-8.000000000000002e-002	-1.581077e-002
-7.000000000000002e-002	-1.545233e-002
-6.000000000000002e-002	-1.509491e-002
-5.000000000000002e-002	-1.473869e-002
-4.000000000000002e-002	-1.438379e-002
-3.000000000000001e-002	-1.403022e-002
-2.000000000000001e-002	-1.367795e-002
-1.000000000000001e-002	-1.332692e-002
-1.040834085586084e-017	-1.297708e-002
9.999999999999990e-003	-1.262840e-002
1.999999999999999e-002	-1.228090e-002
2.999999999999999e-002	-1.193460e-002
3.999999999999999e-002	-1.158957e-002
5.000000000000000e-002	-1.124586e-002
6.000000000000000e-002	-1.090348e-002
6.999999999999999e-002	-1.056238e-002
7.999999999999999e-002	-1.022242e-002
8.999999999999998e-002	-9.883384e-003
1.000000000000000e-001	-9.545055e-003
Step Information: Run=14  (Run: 14/100)
-1.000000000000000e-001	-2.240201e-002
-9.000000000000001e-002	-2.171415e-002
-8.000000000000002e-002	-2.102686e-002
-7.000000000000002e-002	-2.034037e-002
-6.000000000000002e-002	-1.965489e-002
-5.000000000000002e-002	-1.897062e-002
-4.000000000000002e-002	-1.828765e-002
-3.000000000000001e-002	-1.760601e-002
-2.000000000000001e-002	-1.692566e-002
-1.000000000000001e-002	-1.624656e-002
-1.040834085586084e-017	-1.556864e-002
9.999999999999990e-003	-1.489187e-002
1.999999999999999e-002	-1.421628e-002
2.999999999999999e-002	-1.354189e-002
3.999999999999999e-002	-1.286876e-002
5.000000000000000e-002	-1.219695e-002
6.000000000000000e-002	-1.152646e-002
6.999999999999999e-002	-1.085726e-002
7.999999999999999e-002	-1.018918e-002
8.999999999999998e-002	-9.522031e-003
1.000000000000000e-001	-8.855580e-003
Step Information: Run=15  (Run: 15/100)
-1.000000000000000e-001	-4.784940e-003
-9.000000000000001e-002	-4.564802e-003
-8.000000000000002e-002	-4.345244e-003
-7.000000000000002e-002	-4.126488e-003
-6.000000000000002e-002	-3.908761e-003
-5.000000000000002e-002	-3.692249e-003
-4.000000000000002e-002	-3.477059e-003
-3.000000000000001e-002	-3.263216e-003
-2.000000000000001e-002	-3.050683e-003
-1.000000000000001e-002	-2.839401e-003
-1.040834085586084e-017	-2.629321e-003
9.999999999999990e-003	-2.420416e-003
1.999999999999999e-002	-2.212692e-003
2.999999999999999e-002	-2.006187e-003
3.999999999999999e-002	-1.800957e-003
5.000000000000000e-002	-1.597055e-003
6.000000000000000e-002	-1.394499e-003
6.999999999999999e-002	-1.193234e-003
7.999999999999999e-002	-9.931179e-004
8.999999999999998e-002	-7.939423e-004
1.000000000000000e-001	-5.954753e-004
Step Information: Run=16  (Run: 16/100)
-1.000000000000000e-001	2.024767e-002
-9.000000000000001e-002	1.988366e-002
-8.000000000000002e-002	1.951908e-002
-7.000000000000002e-002	1.915370e-002
-6.000000000000002e-002	1.878731e-002
-5.000000000000002e-002	1.841972e-002
-4.000000000000002e-002	1.805081e-002
-3.000000000000001e-002	1.768056e-002
-2.000000000000001e-002	1.730901e-002
-1.000000000000001e-002	1.693622e-002
-1.040834085586084e-017	1.656223e-002
9.999999999999990e-003	1.618707e-002
1.999999999999999e-002	1.581074e-002
2.999999999999999e-002	1.543320e-002
3.999999999999999e-002	1.505439e-002
5.000000000000000e-002	1.467427e-002
6.000000000000000e-002	1.429280e-002
6.999999999999999e-002	1.391006e-002
7.999999999999999e-002	1.352616e-002
8.999999999999998e-002	1.314133e-002
1.000000000000000e-001	1.275580e-002
Step Information: Run=17  (Run: 17/100)
-1.000000000000000e-001	-2.286385e-002
-9.000000000000001e-002	-2.237595e-002
-8.000000000000002e-002	-2.188862e-002
-7.000000000000002e-002	-2.140209e-002
-6.000000000000002e-002	-2.091658e-002
-5.000000000000002e-002	-2.043227e-002
-4.000000000000002e-002	-1.994928e-002
-3.000000000000001e-002	-1.946761e-002
-2.000000000000001e-002	-1.898725e-002
-1.000000000000001e-002	-1.850813e-002
-1.040834085586084e-017	-1.803020e-002
9.999999999999990e-003	-1.755343e-002
1.999999999999999e-002	-1.707783e-002
2.999999999999999e-002	-1.660344e-002
3.999999999999999e-002	-1.613032e-002
5.000000000000000e-002	-1.565851e-002
6.000000000000000e-002	-1.518803e-002
6.999999999999999e-002	-1.471884e-002
7.999999999999999e-002	-1.425078e-002
8.999999999999998e-002	-1.378365e-002
1.000000000000000e-001	-1.331722e-002
Step Information: Run=18  (Run: 18/100)
-1.000000000000000e-001	2.058034e-002
-9.000000000000001e-002	1.990764e-002
-8.000000000000002e-002	1.923437e-002
-7.000000000000002e-002	1.856031e-002
-6.000000000000002e-002	1.788524e-002
-5.000000000000002e-002	1.720896e-002
-4.000000000000002e-002	1.653138e-002
-3.000000000000001e-002	1.585246e-002
-2.000000000000001e-002	1.517224e-002
-1.000000000000001e-002	1.449078e-002
-1.040834085586084e-017	1.380812e-002
9.999999999999990e-003	1.312431e-002
1.999999999999999e-002	1.243932e-002
2.999999999999999e-002	1.175313e-002
3.999999999999999e-002	1.106567e-002
5.000000000000000e-002	1.037689e-002
6.000000000000000e-002	9.686788e-003
6.999999999999999e-002	8.995399e-003
7.999999999999999e-002	8.302870e-003
8.999999999999998e-002	7.609408e-003
1.000000000000000e-001	6.915244e-003
Step Information: Run=19  (Run: 19/100)
-1.000000000000000e-001	8.200375e-003
-9.000000000000001e-002	8.357522e-003
-8.000000000000002e-002	8.514081e-003
-7.000000000000002e-002	8.669830e-003
-6.000000000000002e-002	8.824537e-003
-5.000000000000002e-002	8.978012e-003
-4.000000000000002e-002	9.130146e-003
-3.000000000000001e-002	9.280916e-003
-2.000000000000001e-002	9.430356e-003
-1.000000000000001e-002	9.578525e-003
-1.040834085586084e-017	9.725477e-003
9.999999999999990e-003	9.871235e-003
1.999999999999999e-002	1.001580e-002
2.999999999999999e-002	1.015912e-002
3.999999999999999e-002	1.030115e-002
5.000000000000000e-002	1.044184e-002
6.000000000000000e-002	1.058116e-002
6.999999999999999e-002	1.071917e-002
7.999999999999999e-002	1.085601e-002
8.999999999999998e-002	1.099190e-002
1.000000000000000e-001	1.112706e-002
Step Information: Run=20  (Run: 20/100)
-1.000000000000000e-001	-1.560175e-002
-9.000000000000001e-002	-1.549187e-002
-8.000000000000002e-002	-1.538257e-002
-7.000000000000002e-002	-1.527406e-002
-6.000000000000002e-002	-1.516657e-002
-5.000000000000002e-002	-1.506029e-002
-4.000000000000002e-002	-1.495532e-002
-3.000000000000001e-002	-1.485169e-002
-2.000000000000001e-002	-1.474935e-002
-1.000000000000001e-002	-1.464826e-002
-1.040834085586084e-017	-1.454835e-002
9.999999999999990e-003	-1.444961e-002
1.999999999999999e-002	-1.435205e-002
2.999999999999999e-002	-1.425569e-002
3.999999999999999e-002	-1.416059e-002
5.000000000000000e-002	-1.406682e-002
6.000000000000000e-002	-1.397437e-002
6.999999999999999e-002	-1.388321e-002
7.999999999999999e-002	-1.379318e-002
8.999999999999998e-002	-1.370409e-002
1.000000000000000e-001	-1.361569e-002
Step Information: Run=21  (Run: 21/100)
-1.000000000000000e-001	-4.785898e-003
-9.000000000000001e-002	-4.495518e-003
-8.000000000000002e-002	-4.205720e-003
-7.000000000000002e-002	-3.916727e-003
-6.000000000000002e-002	-3.628767e-003
-5.000000000000002e-002	-3.342026e-003
-4.000000000000002e-002	-3.056612e-003
-3.000000000000001e-002	-2.772550e-003
-2.000000000000001e-002	-2.489803e-003
-1.000000000000001e-002	-2.208313e-003
-1.040834085586084e-017	-1.928028e-003
9.999999999999990e-003	-1.648923e-003
1.999999999999999e-002	-1.371004e-003
2.999999999999999e-002	-1.094308e-003
3.999999999999999e-002	-8.188912e-004
5.000000000000000e-002	-5.448085e-004
6.000000000000000e-002	-2.720767e-004
6.999999999999999e-002	-6.411040e-007
7.999999999999999e-002	2.696411e-004
8.999999999999998e-002	5.389790e-004
1.000000000000000e-001	8.076054e-004
Step Information: Run=22  (Run: 22/100)
-1.000000000000000e-001	-2.705127e-004
-9.000000000000001e-002	-4.595676e-005
-8.000000000000002e-002	1.780174e-004
-7.000000000000002e-002	4.011875e-004
-6.000000000000002e-002	6.233254e-004
-5.000000000000002e-002	8.442444e-004
-4.000000000000002e-002	1.063837e-003
-3.000000000000001e-002	1.282078e-003
-2.000000000000001e-002	1.499004e-003
-1.000000000000001e-002	1.714673e-003
-1.040834085586084e-017	1.929138e-003
9.999999999999990e-003	2.142422e-003
1.999999999999999e-002	2.354521e-003
2.999999999999999e-002	2.565398e-003
3.999999999999999e-002	2.774994e-003
5.000000000000000e-002	2.983259e-003
6.000000000000000e-002	3.190172e-003
6.999999999999999e-002	3.395789e-003
7.999999999999999e-002	3.600252e-003
8.999999999999998e-002	3.803772e-003
1.000000000000000e-001	4.006579e-003
Step Information: Run=23  (Run: 23/100)
-1.000000000000000e-001	7.222764e-003
-9.000000000000001e-002	7.175400e-003
-8.000000000000002e-002	7.127461e-003
-7.000000000000002e-002	7.078727e-003
-6.000000000000002e-002	7.028972e-003
-5.000000000000002e-002	6.978010e-003
-4.000000000000002e-002	6.925732e-003
-3.000000000000001e-002	6.872116e-003
-2.000000000000001e-002	6.817196e-003
-1.000000000000001e-002	6.761031e-003
-1.040834085586084e-017	6.703670e-003
9.999999999999990e-003	6.645141e-003
1.999999999999999e-002	6.585436e-003
2.999999999999999e-002	6.524520e-003
3.999999999999999e-002	6.462336e-003
5.000000000000000e-002	6.398831e-003
6.000000000000000e-002	6.333988e-003
6.999999999999999e-002	6.267860e-003
7.999999999999999e-002	6.200588e-003
8.999999999999998e-002	6.132380e-003
1.000000000000000e-001	6.063464e-003
Step Information: Run=24  (Run: 24/100)
-1.000000000000000e-001	-8.128402e-003
-9.000000000000001e-002	-7.873900e-003
-8.000000000000002e-002	-7.619977e-003
-7.000000000000002e-002	-7.366853e-003
-6.000000000000002e-002	-7.114754e-003
-5.000000000000002e-002	-6.863866e-003
-4.000000000000002e-002	-6.614294e-003
-3.000000000000001e-002	-6.366064e-003
-2.000000000000001e-002	-6.119139e-003
-1.000000000000001e-002	-5.873461e-003
-1.040834085586084e-017	-5.628979e-003
9.999999999999990e-003	-5.385668e-003
1.999999999999999e-002	-5.143534e-003
2.999999999999999e-002	-4.902614e-003
3.999999999999999e-002	-4.662964e-003
5.000000000000000e-002	-4.424638e-003
6.000000000000000e-002	-4.187652e-003
6.999999999999999e-002	-3.951952e-003
7.999999999999999e-002	-3.717397e-003
8.999999999999998e-002	-3.483778e-003
1.000000000000000e-001	-3.250864e-003
Step Information: Run=25  (Run: 25/100)
-1.000000000000000e-001	-1.562132e-002
-9.000000000000001e-002	-1.527178e-002
-8.000000000000002e-002	-1.492281e-002
-7.000000000000002e-002	-1.457464e-002
-6.000000000000002e-002	-1.422747e-002
-5.000000000000002e-002	-1.388150e-002
-4.000000000000002e-002	-1.353683e-002
-3.000000000000001e-002	-1.319349e-002
-2.000000000000001e-002	-1.285143e-002
-1.000000000000001e-002	-1.251061e-002
-1.040834085586084e-017	-1.217096e-002
9.999999999999990e-003	-1.183248e-002
1.999999999999999e-002	-1.149515e-002
2.999999999999999e-002	-1.115903e-002
3.999999999999999e-002	-1.082415e-002
5.000000000000000e-002	-1.049059e-002
6.000000000000000e-002	-1.015835e-002
6.999999999999999e-002	-9.827381e-003
7.999999999999999e-002	-9.497541e-003
8.999999999999998e-002	-9.168625e-003
1.000000000000000e-001	-8.840405e-003
Step Information: Run=26  (Run: 26/100)
-1.000000000000000e-001	1.189463e-002
-9.000000000000001e-002	1.143740e-002
-8.000000000000002e-002	1.097970e-002
-7.000000000000002e-002	1.052120e-002
-6.000000000000002e-002	1.006169e-002
-5.000000000000002e-002	9.600972e-003
-4.000000000000002e-002	9.138945e-003
-3.000000000000001e-002	8.675585e-003
-2.000000000000001e-002	8.210924e-003
-1.000000000000001e-002	7.745020e-003
-1.040834085586084e-017	7.277925e-003
9.999999999999990e-003	6.809664e-003
1.999999999999999e-002	6.340233e-003
2.999999999999999e-002	5.869593e-003
3.999999999999999e-002	5.397690e-003
5.000000000000000e-002	4.924471e-003
6.000000000000000e-002	4.449916e-003
6.999999999999999e-002	3.974081e-003
7.999999999999999e-002	3.497105e-003
8.999999999999998e-002	3.019196e-003
1.000000000000000e-001	2.540584e-003
Step Information: Run=27  (Run: 27/100)
-1.000000000000000e-001	2.670848e-002
-9.000000000000001e-002	2.584635e-002
-8.000000000000002e-002	2.498366e-002
-7.000000000000002e-002	2.412019e-002
-6.000000000000002e-002	2.325570e-002
-5.000000000000002e-002	2.239003e-002
-4.000000000000002e-002	2.152305e-002
-3.000000000000001e-002	2.065474e-002
-2.000000000000001e-002	1.978514e-002
-1.000000000000001e-002	1.891430e-002
-1.040834085586084e-017	1.804227e-002
9.999999999999990e-003	1.716909e-002
1.999999999999999e-002	1.629474e-002
2.999999999999999e-002	1.541919e-002
3.999999999999999e-002	1.454238e-002
5.000000000000000e-002	1.366426e-002
6.000000000000000e-002	1.278482e-002
6.999999999999999e-002	1.190409e-002
7.999999999999999e-002	1.102224e-002
8.999999999999998e-002	1.013945e-002
1.000000000000000e-001	9.255969e-003
Step Information: Run=28  (Run: 28/100)
-1.000000000000000e-001	3.497023e-004
-9.000000000000001e-002	6.771146e-004
-8.000000000000002e-002	1.003954e-003
-7.000000000000002e-002	1.330002e-003
-6.000000000000002e-002	1.655033e-003
-5.000000000000002e-002	1.978863e-003
-4.000000000000002e-002	2.301384e-003
-3.000000000000001e-002	2.622573e-003
-2.000000000000001e-002	2.942465e-003
-1.000000000000001e-002	3.261117e-003
-1.040834085586084e-017	3.578580e-003
9.999999999999990e-003	3.894879e-003
1.999999999999999e-002	4.210010e-003
2.999999999999999e-002	4.523935e-003
3.999999999999999e-002	4.836598e-003
5.000000000000000e-002	5.147947e-003
6.000000000000000e-002	5.457964e-003
6.999999999999999e-002	5.766702e-003
7.999999999999999e-002	6.074301e-003
8.999999999999998e-002	6.380968e-003
1.000000000000000e-001	6.686932e-003
Step Information: Run=29  (Run: 29/100)
-1.000000000000000e-001	1.839432e-002
-9.000000000000001e-002	1.763684e-002
-8.000000000000002e-002	1.687877e-002
-7.000000000000002e-002	1.611991e-002
-6.000000000000002e-002	1.536001e-002
-5.000000000000002e-002	1.459889e-002
-4.000000000000002e-002	1.383643e-002
-3.000000000000001e-002	1.307261e-002
-2.000000000000001e-002	1.230747e-002
-1.000000000000001e-002	1.154107e-002
-1.040834085586084e-017	1.077345e-002
9.999999999999990e-003	1.000465e-002
1.999999999999999e-002	9.234654e-003
2.999999999999999e-002	8.463430e-003
3.999999999999999e-002	7.690920e-003
5.000000000000000e-002	6.917070e-003
6.000000000000000e-002	6.141861e-003
6.999999999999999e-002	5.365348e-003
7.999999999999999e-002	4.587676e-003
8.999999999999998e-002	3.809055e-003
1.000000000000000e-001	3.029720e-003
Step Information: Run=30  (Run: 30/100)
-1.000000000000000e-001	1.184497e-002
-9.000000000000001e-002	1.129392e-002
-8.000000000000002e-002	1.074239e-002
-7.000000000000002e-002	1.019006e-002
-6.000000000000002e-002	9.636715e-003
-5.000000000000002e-002	9.082159e-003
-4.000000000000002e-002	8.526285e-003
-3.000000000000001e-002	7.969069e-003
-2.000000000000001e-002	7.410547e-003
-1.000000000000001e-002	6.850775e-003
-1.040834085586084e-017	6.289806e-003
9.999999999999990e-003	5.727666e-003
1.999999999999999e-002	5.164348e-003
2.999999999999999e-002	4.599817e-003
3.999999999999999e-002	4.034014e-003
5.000000000000000e-002	3.466888e-003
6.000000000000000e-002	2.898421e-003
6.999999999999999e-002	2.328665e-003
7.999999999999999e-002	1.757764e-003
8.999999999999998e-002	1.185926e-003
1.000000000000000e-001	6.133809e-004
Step Information: Run=31  (Run: 31/100)
-1.000000000000000e-001	-1.102924e-002
-9.000000000000001e-002	-1.089535e-002
-8.000000000000002e-002	-1.076204e-002
-7.000000000000002e-002	-1.062953e-002
-6.000000000000002e-002	-1.049805e-002
-5.000000000000002e-002	-1.036779e-002
-4.000000000000002e-002	-1.023884e-002
-3.000000000000001e-002	-1.011125e-002
-2.000000000000001e-002	-9.984957e-003
-1.000000000000001e-002	-9.859919e-003
-1.040834085586084e-017	-9.736081e-003
9.999999999999990e-003	-9.613417e-003
1.999999999999999e-002	-9.491934e-003
2.999999999999999e-002	-9.371670e-003
3.999999999999999e-002	-9.252680e-003
5.000000000000000e-002	-9.135017e-003
6.000000000000000e-002	-9.018699e-003
6.999999999999999e-002	-8.903671e-003
7.999999999999999e-002	-8.789790e-003
8.999999999999998e-002	-8.676847e-003
1.000000000000000e-001	-8.564609e-003
Step Information: Run=32  (Run: 32/100)
-1.000000000000000e-001	-1.710476e-002
-9.000000000000001e-002	-1.687462e-002
-8.000000000000002e-002	-1.664506e-002
-7.000000000000002e-002	-1.641629e-002
-6.000000000000002e-002	-1.618853e-002
-5.000000000000002e-002	-1.596198e-002
-4.000000000000002e-002	-1.573673e-002
-3.000000000000001e-002	-1.551281e-002
-2.000000000000001e-002	-1.529018e-002
-1.000000000000001e-002	-1.506879e-002
-1.040834085586084e-017	-1.484859e-002
9.999999999999990e-003	-1.462954e-002
1.999999999999999e-002	-1.441166e-002
2.999999999999999e-002	-1.419498e-002
3.999999999999999e-002	-1.397956e-002
5.000000000000000e-002	-1.376545e-002
6.000000000000000e-002	-1.355267e-002
6.999999999999999e-002	-1.334116e-002
7.999999999999999e-002	-1.313078e-002
8.999999999999998e-002	-1.292134e-002
1.000000000000000e-001	-1.271258e-002
Step Information: Run=33  (Run: 33/100)
-1.000000000000000e-001	4.901627e-003
-9.000000000000001e-002	5.083187e-003
-8.000000000000002e-002	5.264174e-003
-7.000000000000002e-002	5.444369e-003
-6.000000000000002e-002	5.623546e-003
-5.000000000000002e-002	5.801521e-003
-4.000000000000002e-002	5.978187e-003
-3.000000000000001e-002	6.153518e-003
-2.000000000000001e-002	6.327550e-003
-1.000000000000001e-002	6.500342e-003
-1.040834085586084e-017	6.671943e-003
9.999999999999990e-003	6.842379e-003
1.999999999999999e-002	7.011645e-003
2.999999999999999e-002	7.179704e-003
3.999999999999999e-002	7.346500e-003
5.000000000000000e-002	7.511980e-003
6.000000000000000e-002	7.676127e-003
6.999999999999999e-002	7.838993e-003
7.999999999999999e-002	8.000719e-003
8.999999999999998e-002	8.161512e-003
1.000000000000000e-001	8.321601e-003
Step Information: Run=34  (Run: 34/100)
-1.000000000000000e-001	-1.204177e-002
-9.000000000000001e-002	-1.157874e-002
-8.000000000000002e-002	-1.111628e-002
-7.000000000000002e-002	-1.065462e-002
-6.000000000000002e-002	-1.019397e-002
-5.000000000000002e-002	-9.734537e-003
-4.000000000000002e-002	-9.276412e-003
-3.000000000000001e-002	-8.819624e-003
-2.000000000000001e-002	-8.364134e-003
-1.000000000000001e-002	-7.909887e-003
-1.040834085586084e-017	-7.456831e-003
9.999999999999990e-003	-7.004941e-003
1.999999999999999e-002	-6.554223e-003
2.999999999999999e-002	-6.104714e-003
3.999999999999999e-002	-5.656470e-003
5.000000000000000e-002	-5.209544e-003
6.000000000000000e-002	-4.763954e-003
6.999999999999999e-002	-4.319645e-003
7.999999999999999e-002	-3.876474e-003
8.999999999999998e-002	-3.434237e-003
1.000000000000000e-001	-2.992701e-003
Step Information: Run=35  (Run: 35/100)
-1.000000000000000e-001	-1.706064e-002
-9.000000000000001e-002	-1.665602e-002
-8.000000000000002e-002	-1.625198e-002
-7.000000000000002e-002	-1.584875e-002
-6.000000000000002e-002	-1.544656e-002
-5.000000000000002e-002	-1.504559e-002
-4.000000000000002e-002	-1.464594e-002
-3.000000000000001e-002	-1.424765e-002
-2.000000000000001e-002	-1.385068e-002
-1.000000000000001e-002	-1.345496e-002
-1.040834085586084e-017	-1.306046e-002
9.999999999999990e-003	-1.266713e-002
1.999999999999999e-002	-1.227499e-002
2.999999999999999e-002	-1.188407e-002
3.999999999999999e-002	-1.149444e-002
5.000000000000000e-002	-1.110614e-002
6.000000000000000e-002	-1.071919e-002
6.999999999999999e-002	-1.033354e-002
7.999999999999999e-002	-9.949042e-003
8.999999999999998e-002	-9.565490e-003
1.000000000000000e-001	-9.182648e-003
Step Information: Run=36  (Run: 36/100)
-1.000000000000000e-001	-9.759552e-004
-9.000000000000001e-002	-1.259231e-003
-8.000000000000002e-002	-1.543095e-003
-7.000000000000002e-002	-1.827773e-003
-6.000000000000002e-002	-2.113495e-003
-5.000000000000002e-002	-2.400451e-003
-4.000000000000002e-002	-2.688749e-003
-3.000000000000001e-002	-2.978413e-003
-2.000000000000001e-002	-3.269407e-003
-1.000000000000001e-002	-3.561673e-003
-1.040834085586084e-017	-3.855157e-003
9.999999999999990e-003	-4.149834e-003
1.999999999999999e-002	-4.445711e-003
2.999999999999999e-002	-4.742824e-003
3.999999999999999e-002	-5.041231e-003
5.000000000000000e-002	-5.340987e-003
6.000000000000000e-002	-5.642110e-003
6.999999999999999e-002	-5.944542e-003
7.999999999999999e-002	-6.248139e-003
8.999999999999998e-002	-6.552690e-003
1.000000000000000e-001	-6.857959e-003
Step Information: Run=37  (Run: 37/100)
-1.000000000000000e-001	1.370820e-002
-9.000000000000001e-002	1.313029e-002
-8.000000000000002e-002	1.255181e-002
-7.000000000000002e-002	1.197252e-002
-6.000000000000002e-002	1.139221e-002
-5.000000000000002e-002	1.081067e-002
-4.000000000000002e-002	1.022780e-002
-3.000000000000001e-002	9.643583e-003
-2.000000000000001e-002	9.058046e-003
-1.000000000000001e-002	8.471250e-003
-1.040834085586084e-017	7.883246e-003
9.999999999999990e-003	7.294061e-003
1.999999999999999e-002	6.703689e-003
2.999999999999999e-002	6.112093e-003
3.999999999999999e-002	5.519215e-003
5.000000000000000e-002	4.925001e-003
6.000000000000000e-002	4.329436e-003
6.999999999999999e-002	3.732572e-003
7.999999999999999e-002	3.134552e-003
8.999999999999998e-002	2.535588e-003
1.000000000000000e-001	1.935913e-003
Step Information: Run=38  (Run: 38/100)
-1.000000000000000e-001	-1.095291e-002
-9.000000000000001e-002	-1.045025e-002
-8.000000000000002e-002	-9.948174e-003
-7.000000000000002e-002	-9.446904e-003
-6.000000000000002e-002	-8.946669e-003
-5.000000000000002e-002	-8.447657e-003
-4.000000000000002e-002	-7.949975e-003
-3.000000000000001e-002	-7.453648e-003
-2.000000000000001e-002	-6.958639e-003
-1.000000000000001e-002	-6.464889e-003
-1.040834085586084e-017	-5.972347e-003
9.999999999999990e-003	-5.480987e-003
1.999999999999999e-002	-4.990815e-003
2.999999999999999e-002	-4.501869e-003
3.999999999999999e-002	-4.014207e-003
5.000000000000000e-002	-3.527880e-003
6.000000000000000e-002	-3.042908e-003
6.999999999999999e-002	-2.559235e-003
7.999999999999999e-002	-2.076718e-003
8.999999999999998e-002	-1.595146e-003
1.000000000000000e-001	-1.114286e-003
Step Information: Run=39  (Run: 39/100)
-1.000000000000000e-001	3.875865e-003
-9.000000000000001e-002	3.924766e-003
-8.000000000000002e-002	3.973088e-003
-7.000000000000002e-002	4.020609e-003
-6.000000000000002e-002	4.067102e-003
-5.000000000000002e-002	4.112381e-003
-4.000000000000002e-002	4.156336e-003
-3.000000000000001e-002	4.198946e-003
-2.000000000000001e-002	4.240243e-003
-1.000000000000001e-002	4.280288e-003
-1.040834085586084e-017	4.319130e-003
9.999999999999990e-003	4.356797e-003
1.999999999999999e-002	4.393282e-003
2.999999999999999e-002	4.428548e-003
3.999999999999999e-002	4.462538e-003
5.000000000000000e-002	4.495200e-003
6.000000000000000e-002	4.526515e-003
6.999999999999999e-002	4.556538e-003
7.999999999999999e-002	4.585410e-003
8.999999999999998e-002	4.613340e-003
1.000000000000000e-001	4.640560e-003
Step Information: Run=40  (Run: 40/100)
-1.000000000000000e-001	1.128016e-002
-9.000000000000001e-002	1.131226e-002
-8.000000000000002e-002	1.134386e-002
-7.000000000000002e-002	1.137466e-002
-6.000000000000002e-002	1.140444e-002
-5.000000000000002e-002	1.143300e-002
-4.000000000000002e-002	1.146023e-002
-3.000000000000001e-002	1.148611e-002
-2.000000000000001e-002	1.151068e-002
-1.000000000000001e-002	1.153399e-002
-1.040834085586084e-017	1.155609e-002
9.999999999999990e-003	1.157702e-002
1.999999999999999e-002	1.159676e-002
2.999999999999999e-002	1.161528e-002
3.999999999999999e-002	1.163252e-002
5.000000000000000e-002	1.164843e-002
6.000000000000000e-002	1.166299e-002
6.999999999999999e-002	1.167626e-002
7.999999999999999e-002	1.168837e-002
8.999999999999998e-002	1.169953e-002
1.000000000000000e-001	1.170998e-002
Step Information: Run=41  (Run: 41/100)
-1.000000000000000e-001	1.483632e-002
-9.000000000000001e-002	1.422431e-002
-8.000000000000002e-002	1.361172e-002
-7.000000000000002e-002	1.299832e-002
-6.000000000000002e-002	1.238390e-002
-5.000000000000002e-002	1.176826e-002
-4.000000000000002e-002	1.115128e-002
-3.000000000000001e-002	1.053296e-002
-2.000000000000001e-002	9.913315e-003
-1.000000000000001e-002	9.292413e-003
-1.040834085586084e-017	8.670301e-003
9.999999999999990e-003	8.047009e-003
1.999999999999999e-002	7.422529e-003
2.999999999999999e-002	6.796825e-003
3.999999999999999e-002	6.169840e-003
5.000000000000000e-002	5.541519e-003
6.000000000000000e-002	4.911845e-003
6.999999999999999e-002	4.280873e-003
7.999999999999999e-002	3.648744e-003
8.999999999999998e-002	3.015671e-003
1.000000000000000e-001	2.381885e-003
Step Information: Run=42  (Run: 42/100)
-1.000000000000000e-001	7.079097e-003
-9.000000000000001e-002	7.061630e-003
-8.000000000000002e-002	7.043587e-003
-7.000000000000002e-002	7.024748e-003
-6.000000000000002e-002	7.004885e-003
-5.000000000000002e-002	6.983814e-003
-4.000000000000002e-002	6.961427e-003
-3.000000000000001e-002	6.937698e-003
-2.000000000000001e-002	6.912664e-003
-1.000000000000001e-002	6.886381e-003
-1.040834085586084e-017	6.858902e-003
9.999999999999990e-003	6.830252e-003
1.999999999999999e-002	6.800426e-003
2.999999999999999e-002	6.769386e-003
3.999999999999999e-002	6.737076e-003
5.000000000000000e-002	6.703444e-003
6.000000000000000e-002	6.668471e-003
6.999999999999999e-002	6.632211e-003
7.999999999999999e-002	6.594806e-003
8.999999999999998e-002	6.556461e-003
1.000000000000000e-001	6.517408e-003
Step Information: Run=43  (Run: 43/100)
-1.000000000000000e-001	1.954182e-003
-9.000000000000001e-002	2.097341e-003
-8.000000000000002e-002	2.239920e-003
-7.000000000000002e-002	2.381698e-003
-6.000000000000002e-002	2.522448e-003
-5.000000000000002e-002	2.661982e-003
-4.000000000000002e-002	2.800193e-003
-3.000000000000001e-002	2.937057e-003
-2.000000000000001e-002	3.072608e-003
-1.000000000000001e-002	3.206906e-003
-1.040834085586084e-017	3.340001e-003
9.999999999999990e-003	3.471920e-003
1.999999999999999e-002	3.602655e-003
2.999999999999999e-002	3.732172e-003
3.999999999999999e-002	3.860412e-003
5.000000000000000e-002	3.987323e-003
6.000000000000000e-002	4.112886e-003
6.999999999999999e-002	4.237156e-003
7.999999999999999e-002	4.360276e-003
8.999999999999998e-002	4.482452e-003
1.000000000000000e-001	4.603917e-003
Step Information: Run=44  (Run: 44/100)
-1.000000000000000e-001	1.277144e-002
-9.000000000000001e-002	1.257586e-002
-8.000000000000002e-002	1.237970e-002
-7.000000000000002e-002	1.218274e-002
-6.000000000000002e-002	1.198477e-002
-5.000000000000002e-002	1.178559e-002
-4.000000000000002e-002	1.158509e-002
-3.000000000000001e-002	1.138325e-002
-2.000000000000001e-002	1.118011e-002
-1.000000000000001e-002	1.097572e-002
-1.040834085586084e-017	1.077013e-002
9.999999999999990e-003	1.056338e-002
1.999999999999999e-002	1.035544e-002
2.999999999999999e-002	1.014630e-002
3.999999999999999e-002	9.935883e-003
5.000000000000000e-002	9.724148e-003
6.000000000000000e-002	9.511071e-003
6.999999999999999e-002	9.296709e-003
7.999999999999999e-002	9.081201e-003
8.999999999999998e-002	8.864754e-003
1.000000000000000e-001	8.647598e-003
Step Information: Run=45  (Run: 45/100)
-1.000000000000000e-001	2.294845e-002
-9.000000000000001e-002	2.261800e-002
-8.000000000000002e-002	2.228696e-002
-7.000000000000002e-002	2.195513e-002
-6.000000000000002e-002	2.162227e-002
-5.000000000000002e-002	2.128818e-002
-4.000000000000002e-002	2.095277e-002
-3.000000000000001e-002	2.061600e-002
-2.000000000000001e-002	2.027791e-002
-1.000000000000001e-002	1.993856e-002
-1.040834085586084e-017	1.959800e-002
9.999999999999990e-003	1.925626e-002
1.999999999999999e-002	1.891332e-002
2.999999999999999e-002	1.856917e-002
3.999999999999999e-002	1.822373e-002
5.000000000000000e-002	1.787695e-002
6.000000000000000e-002	1.752882e-002
6.999999999999999e-002	1.717939e-002
7.999999999999999e-002	1.682880e-002
8.999999999999998e-002	1.647726e-002
1.000000000000000e-001	1.612500e-002
Step Information: Run=46  (Run: 46/100)
-1.000000000000000e-001	1.872507e-002
-9.000000000000001e-002	1.798894e-002
-8.000000000000002e-002	1.725224e-002
-7.000000000000002e-002	1.651476e-002
-6.000000000000002e-002	1.577625e-002
-5.000000000000002e-002	1.503653e-002
-4.000000000000002e-002	1.429550e-002
-3.000000000000001e-002	1.355313e-002
-2.000000000000001e-002	1.280945e-002
-1.000000000000001e-002	1.206453e-002
-1.040834085586084e-017	1.131840e-002
9.999999999999990e-003	1.057111e-002
1.999999999999999e-002	9.822643e-003
2.999999999999999e-002	9.072963e-003
3.999999999999999e-002	8.322014e-003
5.000000000000000e-002	7.569742e-003
6.000000000000000e-002	6.816130e-003
6.999999999999999e-002	6.061231e-003
7.999999999999999e-002	5.305186e-003
8.999999999999998e-002	4.548206e-003
1.000000000000000e-001	3.790520e-003
Step Information: Run=47  (Run: 47/100)
-1.000000000000000e-001	-1.721435e-002
-9.000000000000001e-002	-1.720982e-002
-8.000000000000002e-002	-1.720588e-002
-7.000000000000002e-002	-1.720274e-002
-6.000000000000002e-002	-1.720063e-002
-5.000000000000002e-002	-1.719974e-002
-4.000000000000002e-002	-1.720017e-002
-3.000000000000001e-002	-1.720196e-002
-2.000000000000001e-002	-1.720505e-002
-1.000000000000001e-002	-1.720940e-002
-1.040834085586084e-017	-1.721495e-002
9.999999999999990e-003	-1.722167e-002
1.999999999999999e-002	-1.722958e-002
2.999999999999999e-002	-1.723871e-002
3.999999999999999e-002	-1.724912e-002
5.000000000000000e-002	-1.726086e-002
6.000000000000000e-002	-1.727394e-002
6.999999999999999e-002	-1.728832e-002
7.999999999999999e-002	-1.730385e-002
8.999999999999998e-002	-1.732031e-002
1.000000000000000e-001	-1.733748e-002
Step Information: Run=48  (Run: 48/100)
-1.000000000000000e-001	-8.645875e-003
-9.000000000000001e-002	-8.515934e-003
-8.000000000000002e-002	-8.386574e-003
-7.000000000000002e-002	-8.258015e-003
-6.000000000000002e-002	-8.130484e-003
-5.000000000000002e-002	-8.004169e-003
-4.000000000000002e-002	-7.879174e-003
-3.000000000000001e-002	-7.755525e-003
-2.000000000000001e-002	-7.633185e-003
-1.000000000000001e-002	-7.512095e-003
-1.040834085586084e-017	-7.392205e-003
9.999999999999990e-003	-7.273490e-003
1.999999999999999e-002	-7.155955e-003
2.999999999999999e-002	-7.039639e-003
3.999999999999999e-002	-6.924596e-003
5.000000000000000e-002	-6.810880e-003
6.000000000000000e-002	-6.698510e-003
6.999999999999999e-002	-6.587429e-003
7.999999999999999e-002	-6.477495e-003
8.999999999999998e-002	-6.368501e-003
1.000000000000000e-001	-6.260213e-003
Step Information: Run=49  (Run: 49/100)
-1.000000000000000e-001	-1.373336e-002
-9.000000000000001e-002	-1.331344e-002
-8.000000000000002e-002	-1.289409e-002
-7.000000000000002e-002	-1.247554e-002
-6.000000000000002e-002	-1.205803e-002
-5.000000000000002e-002	-1.164172e-002
-4.000000000000002e-002	-1.122674e-002
-3.000000000000001e-002	-1.081310e-002
-2.000000000000001e-002	-1.040077e-002
-1.000000000000001e-002	-9.989697e-003
-1.040834085586084e-017	-9.579818e-003
9.999999999999990e-003	-9.171113e-003
1.999999999999999e-002	-8.763589e-003
2.999999999999999e-002	-8.357282e-003
3.999999999999999e-002	-7.952249e-003
5.000000000000000e-002	-7.548543e-003
6.000000000000000e-002	-7.146182e-003
6.999999999999999e-002	-6.745110e-003
7.999999999999999e-002	-6.345187e-003
8.999999999999998e-002	-5.946202e-003
1.000000000000000e-001	-5.547925e-003
Step Information: Run=50  (Run: 50/100)
-1.000000000000000e-001	2.579071e-002
-9.000000000000001e-002	2.518320e-002
-8.000000000000002e-002	2.457510e-002
-7.000000000000002e-002	2.396622e-002
-6.000000000000002e-002	2.335631e-002
-5.000000000000002e-002	2.274519e-002
-4.000000000000002e-002	2.213275e-002
-3.000000000000001e-002	2.151897e-002
-2.000000000000001e-002	2.090388e-002
-1.000000000000001e-002	2.028754e-002
-1.040834085586084e-017	1.966999e-002
9.999999999999990e-003	1.905128e-002
1.999999999999999e-002	1.843138e-002
2.999999999999999e-002	1.781027e-002
3.999999999999999e-002	1.718789e-002
5.000000000000000e-002	1.656418e-002
6.000000000000000e-002	1.593912e-002
6.999999999999999e-002	1.531278e-002
7.999999999999999e-002	1.468529e-002
8.999999999999998e-002	1.405685e-002
1.000000000000000e-001	1.342771e-002
Step Information: Run=51  (Run: 51/100)
-1.000000000000000e-001	2.572076e-002
-9.000000000000001e-002	2.524323e-002
-8.000000000000002e-002	2.476512e-002
-7.000000000000002e-002	2.428620e-002
-6.000000000000002e-002	2.380625e-002
-5.000000000000002e-002	2.332506e-002
-4.000000000000002e-002	2.284252e-002
-3.000000000000001e-002	2.235862e-002
-2.000000000000001e-002	2.187338e-002
-1.000000000000001e-002	2.138688e-002
-1.040834085586084e-017	2.089914e-002
9.999999999999990e-003	2.041022e-002
1.999999999999999e-002	1.992010e-002
2.999999999999999e-002	1.942873e-002
3.999999999999999e-002	1.893608e-002
5.000000000000000e-002	1.844207e-002
6.000000000000000e-002	1.794670e-002
6.999999999999999e-002	1.745001e-002
7.999999999999999e-002	1.695215e-002
8.999999999999998e-002	1.645333e-002
1.000000000000000e-001	1.595379e-002
Step Information: Run=52  (Run: 52/100)
-1.000000000000000e-001	6.188560e-003
-9.000000000000001e-002	5.800528e-003
-8.000000000000002e-002	5.411916e-003
-7.000000000000002e-002	5.022505e-003
-6.000000000000002e-002	4.632066e-003
-5.000000000000002e-002	4.240411e-003
-4.000000000000002e-002	3.847434e-003
-3.000000000000001e-002	3.453109e-003
-2.000000000000001e-002	3.057473e-003
-1.000000000000001e-002	2.660583e-003
-1.040834085586084e-017	2.262492e-003
9.999999999999990e-003	1.863225e-003
1.999999999999999e-002	1.462775e-003
2.999999999999999e-002	1.061106e-003
3.999999999999999e-002	6.581623e-004
5.000000000000000e-002	2.538888e-004
6.000000000000000e-002	-1.517312e-004
6.999999999999999e-002	-5.586434e-004
7.999999999999999e-002	-9.667051e-004
8.999999999999998e-002	-1.375707e-003
1.000000000000000e-001	-1.785417e-003
Step Information: Run=53  (Run: 53/100)
-1.000000000000000e-001	-2.036555e-002
-9.000000000000001e-002	-1.978010e-002
-8.000000000000002e-002	-1.919523e-002
-7.000000000000002e-002	-1.861114e-002
-6.000000000000002e-002	-1.802809e-002
-5.000000000000002e-002	-1.744623e-002
-4.000000000000002e-002	-1.686569e-002
-3.000000000000001e-002	-1.628649e-002
-2.000000000000001e-002	-1.570858e-002
-1.000000000000001e-002	-1.513191e-002
-1.040834085586084e-017	-1.455644e-002
9.999999999999990e-003	-1.398213e-002
1.999999999999999e-002	-1.340899e-002
2.999999999999999e-002	-1.283706e-002
3.999999999999999e-002	-1.226639e-002
5.000000000000000e-002	-1.169705e-002
6.000000000000000e-002	-1.112903e-002
6.999999999999999e-002	-1.056230e-002
7.999999999999999e-002	-9.996707e-003
8.999999999999998e-002	-9.432042e-003
1.000000000000000e-001	-8.868078e-003
Step Information: Run=54  (Run: 54/100)
-1.000000000000000e-001	-7.718015e-003
-9.000000000000001e-002	-7.530044e-003
-8.000000000000002e-002	-7.342650e-003
-7.000000000000002e-002	-7.156055e-003
-6.000000000000002e-002	-6.970484e-003
-5.000000000000002e-002	-6.786122e-003
-4.000000000000002e-002	-6.603077e-003
-3.000000000000001e-002	-6.421372e-003
-2.000000000000001e-002	-6.240971e-003
-1.000000000000001e-002	-6.061817e-003
-1.040834085586084e-017	-5.883859e-003
9.999999999999990e-003	-5.707070e-003
1.999999999999999e-002	-5.531458e-003
2.999999999999999e-002	-5.357058e-003
3.999999999999999e-002	-5.183929e-003
5.000000000000000e-002	-5.012121e-003
6.000000000000000e-002	-4.841653e-003
6.999999999999999e-002	-4.672471e-003
7.999999999999999e-002	-4.504433e-003
8.999999999999998e-002	-4.337330e-003
1.000000000000000e-001	-4.170933e-003
Step Information: Run=55  (Run: 55/100)
-1.000000000000000e-001	1.914645e-002
-9.000000000000001e-002	1.834027e-002
-8.000000000000002e-002	1.753351e-002
-7.000000000000002e-002	1.672594e-002
-6.000000000000002e-002	1.591735e-002
-5.000000000000002e-002	1.510754e-002
-4.000000000000002e-002	1.429639e-002
-3.000000000000001e-002	1.348389e-002
-2.000000000000001e-002	1.267007e-002
-1.000000000000001e-002	1.185499e-002
-1.040834085586084e-017	1.103870e-002
9.999999999999990e-003	1.022123e-002
1.999999999999999e-002	9.402568e-003
2.999999999999999e-002	8.582681e-003
3.999999999999999e-002	7.761511e-003
5.000000000000000e-002	6.939003e-003
6.000000000000000e-002	6.115140e-003
6.999999999999999e-002	5.289977e-003
7.999999999999999e-002	4.463658e-003
8.999999999999998e-002	3.636392e-003
1.000000000000000e-001	2.808416e-003
Step Information: Run=56  (Run: 56/100)
-1.000000000000000e-001	-1.087171e-003
-9.000000000000001e-002	-8.944587e-004
-8.000000000000002e-002	-7.023305e-004
-7.000000000000002e-002	-5.110089e-004
-6.000000000000002e-002	-3.207228e-004
-5.000000000000002e-002	-1.316597e-004
-4.000000000000002e-002	5.607212e-005
-3.000000000000001e-002	2.424487e-004
-2.000000000000001e-002	4.275057e-004
-1.000000000000001e-002	6.113017e-004
-1.040834085586084e-017	7.938885e-004
9.999999999999990e-003	9.752919e-004
1.999999999999999e-002	1.155506e-003
2.999999999999999e-002	1.334492e-003
3.999999999999999e-002	1.512196e-003
5.000000000000000e-002	1.688562e-003
6.000000000000000e-002	1.863573e-003
6.999999999999999e-002	2.037283e-003
7.999999999999999e-002	2.209835e-003
8.999999999999998e-002	2.381440e-003
1.000000000000000e-001	2.552331e-003
Step Information: Run=57  (Run: 57/100)
-1.000000000000000e-001	4.609101e-003
-9.000000000000001e-002	4.897936e-003
-8.000000000000002e-002	5.186190e-003
-7.000000000000002e-002	5.473642e-003
-6.000000000000002e-002	5.760062e-003
-5.000000000000002e-002	6.045266e-003
-4.000000000000002e-002	6.329143e-003
-3.000000000000001e-002	6.611670e-003
-2.000000000000001e-002	6.892882e-003
-1.000000000000001e-002	7.172838e-003
-1.040834085586084e-017	7.451589e-003
9.999999999999990e-003	7.729162e-003
1.999999999999999e-002	8.005548e-003
2.999999999999999e-002	8.280714e-003
3.999999999999999e-002	8.554601e-003
5.000000000000000e-002	8.827155e-003
6.000000000000000e-002	9.098360e-003
6.999999999999999e-002	9.368269e-003
7.999999999999999e-002	9.637023e-003
8.999999999999998e-002	9.904834e-003
1.000000000000000e-001	1.017193e-002
Step Information: Run=58  (Run: 58/100)
-1.000000000000000e-001	5.109384e-003
-9.000000000000001e-002	5.391375e-003
-8.000000000000002e-002	5.672784e-003
-7.000000000000002e-002	5.953389e-003
-6.000000000000002e-002	6.232962e-003
-5.000000000000002e-002	6.511313e-003
-4.000000000000002e-002	6.788337e-003
-3.000000000000001e-002	7.064007e-003
-2.000000000000001e-002	7.338360e-003
-1.000000000000001e-002	7.611454e-003
-1.040834085586084e-017	7.883341e-003
9.999999999999990e-003	8.154047e-003
1.999999999999999e-002	8.423565e-003
2.999999999999999e-002	8.691859e-003
3.999999999999999e-002	8.958871e-003
5.000000000000000e-002	9.224549e-003
6.000000000000000e-002	9.488874e-003
6.999999999999999e-002	9.751901e-003
7.999999999999999e-002	1.001377e-002
8.999999999999998e-002	1.027469e-002
1.000000000000000e-001	1.053490e-002
Step Information: Run=59  (Run: 59/100)
-1.000000000000000e-001	1.686995e-002
-9.000000000000001e-002	1.622302e-002
-8.000000000000002e-002	1.557551e-002
-7.000000000000002e-002	1.492721e-002
-6.000000000000002e-002	1.427790e-002
-5.000000000000002e-002	1.362738e-002
-4.000000000000002e-002	1.297554e-002
-3.000000000000001e-002	1.232237e-002
-2.000000000000001e-002	1.166790e-002
-1.000000000000001e-002	1.101218e-002
-1.040834085586084e-017	1.035526e-002
9.999999999999990e-003	9.697180e-003
1.999999999999999e-002	9.037925e-003
2.999999999999999e-002	8.377460e-003
3.999999999999999e-002	7.715728e-003
5.000000000000000e-002	7.052677e-003
6.000000000000000e-002	6.388288e-003
6.999999999999999e-002	5.722614e-003
7.999999999999999e-002	5.055798e-003
8.999999999999998e-002	4.388047e-003
1.000000000000000e-001	3.719593e-003
Step Information: Run=60  (Run: 60/100)
-1.000000000000000e-001	-1.504119e-002
-9.000000000000001e-002	-1.510645e-002
-8.000000000000002e-002	-1.517228e-002
-7.000000000000002e-002	-1.523891e-002
-6.000000000000002e-002	-1.530658e-002
-5.000000000000002e-002	-1.537545e-002
-4.000000000000002e-002	-1.544564e-002
-3.000000000000001e-002	-1.551717e-002
-2.000000000000001e-002	-1.559001e-002
-1.000000000000001e-002	-1.566409e-002
-1.040834085586084e-017	-1.573937e-002
9.999999999999990e-003	-1.581583e-002
1.999999999999999e-002	-1.589346e-002
2.999999999999999e-002	-1.597230e-002
3.999999999999999e-002	-1.605241e-002
5.000000000000000e-002	-1.613385e-002
6.000000000000000e-002	-1.621663e-002
6.999999999999999e-002	-1.630070e-002
7.999999999999999e-002	-1.638590e-002
8.999999999999998e-002	-1.647205e-002
1.000000000000000e-001	-1.655889e-002
Step Information: Run=61  (Run: 61/100)
-1.000000000000000e-001	1.030196e-002
-9.000000000000001e-002	9.867661e-003
-8.000000000000002e-002	9.432880e-003
-7.000000000000002e-002	8.997303e-003
-6.000000000000002e-002	8.560698e-003
-5.000000000000002e-002	8.122881e-003
-4.000000000000002e-002	7.683743e-003
-3.000000000000001e-002	7.243260e-003
-2.000000000000001e-002	6.801467e-003
-1.000000000000001e-002	6.358422e-003
-1.040834085586084e-017	5.914176e-003
9.999999999999990e-003	5.468757e-003
1.999999999999999e-002	5.022157e-003
2.999999999999999e-002	4.574339e-003
3.999999999999999e-002	4.125249e-003
5.000000000000000e-002	3.674831e-003
6.000000000000000e-002	3.223067e-003
6.999999999999999e-002	2.770013e-003
7.999999999999999e-002	2.315811e-003
8.999999999999998e-002	1.860669e-003
1.000000000000000e-001	1.404820e-003
Step Information: Run=62  (Run: 62/100)
-1.000000000000000e-001	1.144414e-002
-9.000000000000001e-002	1.145117e-002
-8.000000000000002e-002	1.145771e-002
-7.000000000000002e-002	1.146345e-002
-6.000000000000002e-002	1.146816e-002
-5.000000000000002e-002	1.147165e-002
-4.000000000000002e-002	1.147382e-002
-3.000000000000001e-002	1.147464e-002
-2.000000000000001e-002	1.147414e-002
-1.000000000000001e-002	1.147239e-002
-1.040834085586084e-017	1.146943e-002
9.999999999999990e-003	1.146529e-002
1.999999999999999e-002	1.145997e-002
2.999999999999999e-002	1.145342e-002
3.999999999999999e-002	1.144560e-002
5.000000000000000e-002	1.143645e-002
6.000000000000000e-002	1.142594e-002
6.999999999999999e-002	1.141414e-002
7.999999999999999e-002	1.140119e-002
8.999999999999998e-002	1.138729e-002
1.000000000000000e-001	1.137268e-002
Step Information: Run=63  (Run: 63/100)
-1.000000000000000e-001	1.014975e-002
-9.000000000000001e-002	9.705671e-003
-8.000000000000002e-002	9.261105e-003
-7.000000000000002e-002	8.815743e-003
-6.000000000000002e-002	8.369358e-003
-5.000000000000002e-002	7.921764e-003
-4.000000000000002e-002	7.472851e-003
-3.000000000000001e-002	7.022597e-003
-2.000000000000001e-002	6.571035e-003
-1.000000000000001e-002	6.118225e-003
-1.040834085586084e-017	5.664218e-003
9.999999999999990e-003	5.209039e-003
1.999999999999999e-002	4.752683e-003
2.999999999999999e-002	4.295113e-003
3.999999999999999e-002	3.836271e-003
5.000000000000000e-002	3.376106e-003
6.000000000000000e-002	2.914599e-003
6.999999999999999e-002	2.451805e-003
7.999999999999999e-002	1.987865e-003
8.999999999999998e-002	1.522988e-003
1.000000000000000e-001	1.057405e-003
Step Information: Run=64  (Run: 64/100)
-1.000000000000000e-001	-3.955150e-004
-9.000000000000001e-002	-6.800762e-004
-8.000000000000002e-002	-9.652129e-004
-7.000000000000002e-002	-1.251146e-003
-6.000000000000002e-002	-1.538101e-003
-5.000000000000002e-002	-1.826263e-003
-4.000000000000002e-002	-2.115740e-003
-3.000000000000001e-002	-2.406554e-003
-2.000000000000001e-002	-2.698672e-003
-1.000000000000001e-002	-2.992034e-003
-1.040834085586084e-017	-3.286591e-003
9.999999999999990e-003	-3.582316e-003
1.999999999999999e-002	-3.879215e-003
2.999999999999999e-002	-4.177325e-003
3.999999999999999e-002	-4.476703e-003
5.000000000000000e-002	-4.777402e-003
6.000000000000000e-002	-5.079438e-003
6.999999999999999e-002	-5.382758e-003
7.999999999999999e-002	-5.687220e-003
8.999999999999998e-002	-5.992614e-003
1.000000000000000e-001	-6.298713e-003
Step Information: Run=65  (Run: 65/100)
-1.000000000000000e-001	-2.047642e-002
-9.000000000000001e-002	-2.011493e-002
-8.000000000000002e-002	-1.975402e-002
-7.000000000000002e-002	-1.939389e-002
-6.000000000000002e-002	-1.903478e-002
-5.000000000000002e-002	-1.867687e-002
-4.000000000000002e-002	-1.832025e-002
-3.000000000000001e-002	-1.796496e-002
-2.000000000000001e-002	-1.761096e-002
-1.000000000000001e-002	-1.725819e-002
-1.040834085586084e-017	-1.690660e-002
9.999999999999990e-003	-1.655616e-002
1.999999999999999e-002	-1.620689e-002
2.999999999999999e-002	-1.585881e-002
3.999999999999999e-002	-1.551199e-002
5.000000000000000e-002	-1.516648e-002
6.000000000000000e-002	-1.482229e-002
6.999999999999999e-002	-1.447936e-002
7.999999999999999e-002	-1.413757e-002
8.999999999999998e-002	-1.379670e-002
1.000000000000000e-001	-1.345652e-002
Step Information: Run=66  (Run: 66/100)
-1.000000000000000e-001	7.688562e-003
-9.000000000000001e-002	7.836355e-003
-8.000000000000002e-002	7.983571e-003
-7.000000000000002e-002	8.129989e-003
-6.000000000000002e-002	8.275383e-003
-5.000000000000002e-002	8.419566e-003
-4.000000000000002e-002	8.562430e-003
-3.000000000000001e-002	8.703950e-003
-2.000000000000001e-002	8.844161e-003
-1.000000000000001e-002	8.983122e-003
-1.040834085586084e-017	9.120884e-003
9.999999999999990e-003	9.257473e-003
1.999999999999999e-002	9.392883e-003
2.999999999999999e-002	9.527076e-003
3.999999999999999e-002	9.659998e-003
5.000000000000000e-002	9.791595e-003
6.000000000000000e-002	9.921848e-003
6.999999999999999e-002	1.005081e-002
7.999999999999999e-002	1.017862e-002
8.999999999999998e-002	1.030550e-002
1.000000000000000e-001	1.043166e-002
Step Information: Run=67  (Run: 67/100)
-1.000000000000000e-001	2.215732e-002
-9.000000000000001e-002	2.153316e-002
-8.000000000000002e-002	2.090842e-002
-7.000000000000002e-002	2.028289e-002
-6.000000000000002e-002	1.965632e-002
-5.000000000000002e-002	1.902855e-002
-4.000000000000002e-002	1.839946e-002
-3.000000000000001e-002	1.776902e-002
-2.000000000000001e-002	1.713727e-002
-1.000000000000001e-002	1.650427e-002
-1.040834085586084e-017	1.587007e-002
9.999999999999990e-003	1.523469e-002
1.999999999999999e-002	1.459813e-002
2.999999999999999e-002	1.396036e-002
3.999999999999999e-002	1.332131e-002
5.000000000000000e-002	1.268093e-002
6.000000000000000e-002	1.203920e-002
6.999999999999999e-002	1.139619e-002
7.999999999999999e-002	1.075202e-002
8.999999999999998e-002	1.010692e-002
1.000000000000000e-001	9.461104e-003
Step Information: Run=68  (Run: 68/100)
-1.000000000000000e-001	-1.622007e-002
-9.000000000000001e-002	-1.619920e-002
-8.000000000000002e-002	-1.617892e-002
-7.000000000000002e-002	-1.615943e-002
-6.000000000000002e-002	-1.614097e-002
-5.000000000000002e-002	-1.612372e-002
-4.000000000000002e-002	-1.610779e-002
-3.000000000000001e-002	-1.609320e-002
-2.000000000000001e-002	-1.607992e-002
-1.000000000000001e-002	-1.606788e-002
-1.040834085586084e-017	-1.605704e-002
9.999999999999990e-003	-1.604736e-002
1.999999999999999e-002	-1.603887e-002
2.999999999999999e-002	-1.603159e-002
3.999999999999999e-002	-1.602558e-002
5.000000000000000e-002	-1.602089e-002
6.000000000000000e-002	-1.601754e-002
6.999999999999999e-002	-1.601548e-002
7.999999999999999e-002	-1.601456e-002
8.999999999999998e-002	-1.601458e-002
1.000000000000000e-001	-1.601529e-002
Step Information: Run=69  (Run: 69/100)
-1.000000000000000e-001	-1.408585e-002
-9.000000000000001e-002	-1.341939e-002
-8.000000000000002e-002	-1.275351e-002
-7.000000000000002e-002	-1.208842e-002
-6.000000000000002e-002	-1.142436e-002
-5.000000000000002e-002	-1.076150e-002
-4.000000000000002e-002	-1.009995e-002
-3.000000000000001e-002	-9.439745e-003
-2.000000000000001e-002	-8.780837e-003
-1.000000000000001e-002	-8.123172e-003
-1.040834085586084e-017	-7.466699e-003
9.999999999999990e-003	-6.811392e-003
1.999999999999999e-002	-6.157258e-003
2.999999999999999e-002	-5.504333e-003
3.999999999999999e-002	-4.852675e-003
5.000000000000000e-002	-4.202336e-003
6.000000000000000e-002	-3.553333e-003
6.999999999999999e-002	-2.905612e-003
7.999999999999999e-002	-2.259032e-003
8.999999999999998e-002	-1.613383e-003
1.000000000000000e-001	-9.684365e-004
Step Information: Run=70  (Run: 70/100)
-1.000000000000000e-001	-1.473383e-002
-9.000000000000001e-002	-1.482574e-002
-8.000000000000002e-002	-1.491824e-002
-7.000000000000002e-002	-1.501155e-002
-6.000000000000002e-002	-1.510590e-002
-5.000000000000002e-002	-1.520148e-002
-4.000000000000002e-002	-1.529839e-002
-3.000000000000001e-002	-1.539666e-002
-2.000000000000001e-002	-1.549625e-002
-1.000000000000001e-002	-1.559711e-002
-1.040834085586084e-017	-1.569918e-002
9.999999999999990e-003	-1.580243e-002
1.999999999999999e-002	-1.590688e-002
2.999999999999999e-002	-1.601255e-002
3.999999999999999e-002	-1.611952e-002
5.000000000000000e-002	-1.622782e-002
6.000000000000000e-002	-1.633749e-002
6.999999999999999e-002	-1.644845e-002
7.999999999999999e-002	-1.656057e-002
8.999999999999998e-002	-1.667364e-002
1.000000000000000e-001	-1.678742e-002
Step Information: Run=71  (Run: 71/100)
-1.000000000000000e-001	1.195817e-002
-9.000000000000001e-002	1.202860e-002
-8.000000000000002e-002	1.209854e-002
-7.000000000000002e-002	1.216768e-002
-6.000000000000002e-002	1.223579e-002
-5.000000000000002e-002	1.230267e-002
-4.000000000000002e-002	1.236822e-002
-3.000000000000001e-002	1.243242e-002
-2.000000000000001e-002	1.249530e-002
-1.000000000000001e-002	1.255691e-002
-1.040834085586084e-017	1.261732e-002
9.999999999999990e-003	1.267654e-002
1.999999999999999e-002	1.273457e-002
2.999999999999999e-002	1.279138e-002
3.999999999999999e-002	1.284690e-002
5.000000000000000e-002	1.290109e-002
6.000000000000000e-002	1.295392e-002
6.999999999999999e-002	1.300545e-002
7.999999999999999e-002	1.305582e-002
8.999999999999998e-002	1.310524e-002
1.000000000000000e-001	1.315394e-002
Step Information: Run=72  (Run: 72/100)
-1.000000000000000e-001	-2.124171e-002
-9.000000000000001e-002	-2.103117e-002
-8.000000000000002e-002	-2.082123e-002
-7.000000000000002e-002	-2.061209e-002
-6.000000000000002e-002	-2.040400e-002
-5.000000000000002e-002	-2.019712e-002
-4.000000000000002e-002	-1.999157e-002
-3.000000000000001e-002	-1.978738e-002
-2.000000000000001e-002	-1.958450e-002
-1.000000000000001e-002	-1.938288e-002
-1.040834085586084e-017	-1.918247e-002
9.999999999999990e-003	-1.898323e-002
1.999999999999999e-002	-1.878519e-002
2.999999999999999e-002	-1.858837e-002
3.999999999999999e-002	-1.839283e-002
5.000000000000000e-002	-1.819863e-002
6.000000000000000e-002	-1.800578e-002
6.999999999999999e-002	-1.781422e-002
7.999999999999999e-002	-1.762382e-002
8.999999999999998e-002	-1.743436e-002
1.000000000000000e-001	-1.724561e-002
Step Information: Run=73  (Run: 73/100)
-1.000000000000000e-001	-1.375262e-002
-9.000000000000001e-002	-1.344859e-002
-8.000000000000002e-002	-1.314514e-002
-7.000000000000002e-002	-1.284249e-002
-6.000000000000002e-002	-1.254088e-002
-5.000000000000002e-002	-1.224049e-002
-4.000000000000002e-002	-1.194142e-002
-3.000000000000001e-002	-1.164370e-002
-2.000000000000001e-002	-1.134729e-002
-1.000000000000001e-002	-1.105214e-002
-1.040834085586084e-017	-1.075819e-002
9.999999999999990e-003	-1.046542e-002
1.999999999999999e-002	-1.017384e-002
2.999999999999999e-002	-9.883473e-003
3.999999999999999e-002	-9.594386e-003
5.000000000000000e-002	-9.306632e-003
6.000000000000000e-002	-9.020227e-003
6.999999999999999e-002	-8.735115e-003
7.999999999999999e-002	-8.451154e-003
8.999999999999998e-002	-8.168136e-003
1.000000000000000e-001	-7.885827e-003
Step Information: Run=74  (Run: 74/100)
-1.000000000000000e-001	2.587652e-002
-9.000000000000001e-002	2.489631e-002
-8.000000000000002e-002	2.391552e-002
-7.000000000000002e-002	2.293395e-002
-6.000000000000002e-002	2.195135e-002
-5.000000000000002e-002	2.096755e-002
-4.000000000000002e-002	1.998243e-002
-3.000000000000001e-002	1.899596e-002
-2.000000000000001e-002	1.800818e-002
-1.000000000000001e-002	1.701915e-002
-1.040834085586084e-017	1.602893e-002
9.999999999999990e-003	1.503753e-002
1.999999999999999e-002	1.404495e-002
2.999999999999999e-002	1.305116e-002
3.999999999999999e-002	1.205610e-002
5.000000000000000e-002	1.105971e-002
6.000000000000000e-002	1.006197e-002
6.999999999999999e-002	9.062948e-003
7.999999999999999e-002	8.062775e-003
8.999999999999998e-002	7.061665e-003
1.000000000000000e-001	6.059851e-003
Step Information: Run=75  (Run: 75/100)
-1.000000000000000e-001	1.589247e-003
-9.000000000000001e-002	1.366029e-003
-8.000000000000002e-002	1.142225e-003
-7.000000000000002e-002	9.176147e-004
-6.000000000000002e-002	6.919676e-004
-5.000000000000002e-002	4.650964e-004
-4.000000000000002e-002	2.368927e-004
-3.000000000000001e-002	7.332595e-006
-2.000000000000001e-002	-2.235479e-004
-1.000000000000001e-002	-4.556900e-004
-1.040834085586084e-017	-6.890422e-004
9.999999999999990e-003	-9.235786e-004
1.999999999999999e-002	-1.159306e-003
2.999999999999999e-002	-1.396260e-003
3.999999999999999e-002	-1.634500e-003
5.000000000000000e-002	-1.874078e-003
6.000000000000000e-002	-2.115011e-003
6.999999999999999e-002	-2.357246e-003
7.999999999999999e-002	-2.600638e-003
8.999999999999998e-002	-2.844977e-003
1.000000000000000e-001	-3.090028e-003
Step Information: Run=76  (Run: 76/100)
-1.000000000000000e-001	-2.694645e-002
-9.000000000000001e-002	-2.613113e-002
-8.000000000000002e-002	-2.531637e-002
-7.000000000000002e-002	-2.450241e-002
-6.000000000000002e-002	-2.368947e-002
-5.000000000000002e-002	-2.287773e-002
-4.000000000000002e-002	-2.206729e-002
-3.000000000000001e-002	-2.125818e-002
-2.000000000000001e-002	-2.045036e-002
-1.000000000000001e-002	-1.964378e-002
-1.040834085586084e-017	-1.883839e-002
9.999999999999990e-003	-1.803415e-002
1.999999999999999e-002	-1.723108e-002
2.999999999999999e-002	-1.642921e-002
3.999999999999999e-002	-1.562860e-002
5.000000000000000e-002	-1.482930e-002
6.000000000000000e-002	-1.403133e-002
6.999999999999999e-002	-1.323464e-002
7.999999999999999e-002	-1.243908e-002
8.999999999999998e-002	-1.164444e-002
1.000000000000000e-001	-1.085050e-002
Step Information: Run=77  (Run: 77/100)
-1.000000000000000e-001	1.225538e-002
-9.000000000000001e-002	1.202103e-002
-8.000000000000002e-002	1.178620e-002
-7.000000000000002e-002	1.155055e-002
-6.000000000000002e-002	1.131387e-002
-5.000000000000002e-002	1.107596e-002
-4.000000000000002e-002	1.083671e-002
-3.000000000000001e-002	1.059610e-002
-2.000000000000001e-002	1.035416e-002
-1.000000000000001e-002	1.011096e-002
-1.040834085586084e-017	9.866540e-003
9.999999999999990e-003	9.620934e-003
1.999999999999999e-002	9.374131e-003
2.999999999999999e-002	9.126098e-003
3.999999999999999e-002	8.876775e-003
5.000000000000000e-002	8.626109e-003
6.000000000000000e-002	8.374081e-003
6.999999999999999e-002	8.120747e-003
7.999999999999999e-002	7.866249e-003
8.999999999999998e-002	7.610800e-003
1.000000000000000e-001	7.354632e-003
Step Information: Run=78  (Run: 78/100)
-1.000000000000000e-001	2.156340e-002
-9.000000000000001e-002	2.070317e-002
-8.000000000000002e-002	1.984237e-002
-7.000000000000002e-002	1.898078e-002
-6.000000000000002e-002	1.811816e-002
-5.000000000000002e-002	1.725434e-002
-4.000000000000002e-002	1.638920e-002
-3.000000000000001e-002	1.552271e-002
-2.000000000000001e-002	1.465492e-002
-1.000000000000001e-002	1.378587e-002
-1.040834085586084e-017	1.291563e-002
9.999999999999990e-003	1.204422e-002
1.999999999999999e-002	1.117163e-002
2.999999999999999e-002	1.029782e-002
3.999999999999999e-002	9.422744e-003
5.000000000000000e-002	8.546341e-003
6.000000000000000e-002	7.668596e-003
6.999999999999999e-002	6.789562e-003
7.999999999999999e-002	5.909381e-003
8.999999999999998e-002	5.028262e-003
1.000000000000000e-001	4.146439e-003
Step Information: Run=79  (Run: 79/100)
-1.000000000000000e-001	-2.398235e-002
-9.000000000000001e-002	-2.308115e-002
-8.000000000000002e-002	-2.218053e-002
-7.000000000000002e-002	-2.128070e-002
-6.000000000000002e-002	-2.038188e-002
-5.000000000000002e-002	-1.948427e-002
-4.000000000000002e-002	-1.858795e-002
-3.000000000000001e-002	-1.769297e-002
-2.000000000000001e-002	-1.679927e-002
-1.000000000000001e-002	-1.590681e-002
-1.040834085586084e-017	-1.501554e-002
9.999999999999990e-003	-1.412542e-002
1.999999999999999e-002	-1.323647e-002
2.999999999999999e-002	-1.234871e-002
3.999999999999999e-002	-1.146222e-002
5.000000000000000e-002	-1.057704e-002
6.000000000000000e-002	-9.693179e-003
6.999999999999999e-002	-8.810597e-003
7.999999999999999e-002	-7.929145e-003
8.999999999999998e-002	-7.048618e-003
1.000000000000000e-001	-6.168785e-003
Step Information: Run=80  (Run: 80/100)
-1.000000000000000e-001	2.402720e-002
-9.000000000000001e-002	2.334482e-002
-8.000000000000002e-002	2.266186e-002
-7.000000000000002e-002	2.197810e-002
-6.000000000000002e-002	2.129331e-002
-5.000000000000002e-002	2.060730e-002
-4.000000000000002e-002	1.991997e-002
-3.000000000000001e-002	1.923128e-002
-2.000000000000001e-002	1.854127e-002
-1.000000000000001e-002	1.785001e-002
-1.040834085586084e-017	1.715754e-002
9.999999999999990e-003	1.646388e-002
1.999999999999999e-002	1.576904e-002
2.999999999999999e-002	1.507298e-002
3.999999999999999e-002	1.437564e-002
5.000000000000000e-002	1.367696e-002
6.000000000000000e-002	1.297692e-002
6.999999999999999e-002	1.227559e-002
7.999999999999999e-002	1.157311e-002
8.999999999999998e-002	1.086967e-002
1.000000000000000e-001	1.016553e-002
Step Information: Run=81  (Run: 81/100)
-1.000000000000000e-001	-1.286269e-003
-9.000000000000001e-002	-1.374320e-003
-8.000000000000002e-002	-1.462941e-003
-7.000000000000002e-002	-1.552350e-003
-6.000000000000002e-002	-1.642771e-003
-5.000000000000002e-002	-1.734388e-003
-4.000000000000002e-002	-1.827307e-003
-3.000000000000001e-002	-1.921551e-003
-2.000000000000001e-002	-2.017086e-003
-1.000000000000001e-002	-2.113854e-003
-1.040834085586084e-017	-2.211805e-003
9.999999999999990e-003	-2.310913e-003
1.999999999999999e-002	-2.411185e-003
2.999999999999999e-002	-2.512657e-003
3.999999999999999e-002	-2.615383e-003
5.000000000000000e-002	-2.719418e-003
6.000000000000000e-002	-2.824778e-003
6.999999999999999e-002	-2.931410e-003
7.999999999999999e-002	-3.039173e-003
8.999999999999998e-002	-3.147862e-003
1.000000000000000e-001	-3.257250e-003
Step Information: Run=82  (Run: 82/100)
-1.000000000000000e-001	2.209471e-002
-9.000000000000001e-002	2.123140e-002
-8.000000000000002e-002	2.036751e-002
-7.000000000000002e-002	1.950282e-002
-6.000000000000002e-002	1.863709e-002
-5.000000000000002e-002	1.777013e-002
-4.000000000000002e-002	1.690184e-002
-3.000000000000001e-002	1.603219e-002
-2.000000000000001e-002	1.516120e-002
-1.000000000000001e-002	1.428895e-002
-1.040834085586084e-017	1.341549e-002
9.999999999999990e-003	1.254084e-002
1.999999999999999e-002	1.166499e-002
2.999999999999999e-002	1.078791e-002
3.999999999999999e-002	9.909544e-003
5.000000000000000e-002	9.029833e-003
6.000000000000000e-002	8.148758e-003
6.999999999999999e-002	7.266378e-003
7.999999999999999e-002	6.382834e-003
8.999999999999998e-002	5.498340e-003
1.000000000000000e-001	4.613131e-003
Step Information: Run=83  (Run: 83/100)
-1.000000000000000e-001	5.975985e-003
-9.000000000000001e-002	5.597833e-003
-8.000000000000002e-002	5.219094e-003
-7.000000000000002e-002	4.839543e-003
-6.000000000000002e-002	4.458951e-003
-5.000000000000002e-002	4.077127e-003
-4.000000000000002e-002	3.693963e-003
-3.000000000000001e-002	3.309434e-003
-2.000000000000001e-002	2.923576e-003
-1.000000000000001e-002	2.536449e-003
-1.040834085586084e-017	2.148104e-003
9.999999999999990e-003	1.758568e-003
1.999999999999999e-002	1.367834e-003
2.999999999999999e-002	9.758654e-004
3.999999999999999e-002	5.826040e-004
5.000000000000000e-002	1.879955e-004
6.000000000000000e-002	-2.079769e-004
6.999999999999999e-002	-6.052582e-004
7.999999999999999e-002	-1.003704e-003
8.999999999999998e-002	-1.403103e-003
1.000000000000000e-001	-1.803219e-003
Step Information: Run=84  (Run: 84/100)
-1.000000000000000e-001	2.947490e-002
-9.000000000000001e-002	2.876277e-002
-8.000000000000002e-002	2.805005e-002
-7.000000000000002e-002	2.733655e-002
-6.000000000000002e-002	2.662201e-002
-5.000000000000002e-002	2.590626e-002
-4.000000000000002e-002	2.518919e-002
-3.000000000000001e-002	2.447077e-002
-2.000000000000001e-002	2.375103e-002
-1.000000000000001e-002	2.303003e-002
-1.040834085586084e-017	2.230783e-002
9.999999999999990e-003	2.158445e-002
1.999999999999999e-002	2.085988e-002
2.999999999999999e-002	2.013410e-002
3.999999999999999e-002	1.940704e-002
5.000000000000000e-002	1.867864e-002
6.000000000000000e-002	1.794890e-002
6.999999999999999e-002	1.721785e-002
7.999999999999999e-002	1.648566e-002
8.999999999999998e-002	1.575252e-002
1.000000000000000e-001	1.501867e-002
Step Information: Run=85  (Run: 85/100)
-1.000000000000000e-001	6.319532e-003
-9.000000000000001e-002	5.856007e-003
-8.000000000000002e-002	5.391905e-003
-7.000000000000002e-002	4.927004e-003
-6.000000000000002e-002	4.461076e-003
-5.000000000000002e-002	3.993934e-003
-4.000000000000002e-002	3.525470e-003
-3.000000000000001e-002	3.055658e-003
-2.000000000000001e-002	2.584536e-003
-1.000000000000001e-002	2.112160e-003
-1.040834085586084e-017	1.638583e-003
9.999999999999990e-003	1.163830e-003
1.999999999999999e-002	6.878951e-004
2.999999999999999e-002	2.107419e-004
3.999999999999999e-002	-2.676862e-004
5.000000000000000e-002	-7.474433e-004
6.000000000000000e-002	-1.228546e-003
6.999999999999999e-002	-1.710942e-003
7.999999999999999e-002	-2.194487e-003
8.999999999999998e-002	-2.678972e-003
1.000000000000000e-001	-3.164166e-003
Step Information: Run=86  (Run: 86/100)
-1.000000000000000e-001	1.749107e-003
-9.000000000000001e-002	1.860229e-003
-8.000000000000002e-002	1.970778e-003
-7.000000000000002e-002	2.080534e-003
-6.000000000000002e-002	2.189272e-003
-5.000000000000002e-002	2.296806e-003
-4.000000000000002e-002	2.403030e-003
-3.000000000000001e-002	2.507919e-003
-2.000000000000001e-002	2.611509e-003
-1.000000000000001e-002	2.713857e-003
-1.040834085586084e-017	2.815014e-003
9.999999999999990e-003	2.915005e-003
1.999999999999999e-002	3.013825e-003
2.999999999999999e-002	3.111438e-003
3.999999999999999e-002	3.207787e-003
5.000000000000000e-002	3.302819e-003
6.000000000000000e-002	3.396517e-003
6.999999999999999e-002	3.488934e-003
7.999999999999999e-002	3.580211e-003
8.999999999999998e-002	3.670553e-003
1.000000000000000e-001	3.760192e-003
Step Information: Run=87  (Run: 87/100)
-1.000000000000000e-001	8.979465e-003
-9.000000000000001e-002	8.549195e-003
-8.000000000000002e-002	8.118350e-003
-7.000000000000002e-002	7.686709e-003
-6.000000000000002e-002	7.254044e-003
-5.000000000000002e-002	6.820170e-003
-4.000000000000002e-002	6.384979e-003
-3.000000000000001e-002	5.948444e-003
-2.000000000000001e-002	5.510604e-003
-1.000000000000001e-002	5.071515e-003
-1.040834085586084e-017	4.631228e-003
9.999999999999990e-003	4.189770e-003
1.999999999999999e-002	3.747134e-003
2.999999999999999e-002	3.303284e-003
3.999999999999999e-002	2.858164e-003
5.000000000000000e-002	2.411719e-003
6.000000000000000e-002	1.963933e-003
6.999999999999999e-002	1.514860e-003
7.999999999999999e-002	1.064640e-003
8.999999999999998e-002	6.134838e-004
1.000000000000000e-001	1.616207e-004
Step Information: Run=88  (Run: 88/100)
-1.000000000000000e-001	2.888566e-003
-9.000000000000001e-002	2.928984e-003
-8.000000000000002e-002	2.968821e-003
-7.000000000000002e-002	3.007855e-003
-6.000000000000002e-002	3.045859e-003
-5.000000000000002e-002	3.082645e-003
-4.000000000000002e-002	3.118105e-003
-3.000000000000001e-002	3.152217e-003
-2.000000000000001e-002	3.185014e-003
-1.000000000000001e-002	3.216555e-003
-1.040834085586084e-017	3.246892e-003
9.999999999999990e-003	3.276051e-003
1.999999999999999e-002	3.304025e-003
2.999999999999999e-002	3.330777e-003
3.999999999999999e-002	3.356252e-003
5.000000000000000e-002	3.380395e-003
6.000000000000000e-002	3.403188e-003
6.999999999999999e-002	3.424687e-003
7.999999999999999e-002	3.445033e-003
8.999999999999998e-002	3.464436e-003
1.000000000000000e-001	3.483126e-003
Step Information: Run=89  (Run: 89/100)
-1.000000000000000e-001	-1.374746e-002
-9.000000000000001e-002	-1.320014e-002
-8.000000000000002e-002	-1.265339e-002
-7.000000000000002e-002	-1.210745e-002
-6.000000000000002e-002	-1.156253e-002
-5.000000000000002e-002	-1.101884e-002
-4.000000000000002e-002	-1.047647e-002
-3.000000000000001e-002	-9.935440e-003
-2.000000000000001e-002	-9.395727e-003
-1.000000000000001e-002	-8.857265e-003
-1.040834085586084e-017	-8.320006e-003
9.999999999999990e-003	-7.783921e-003
1.999999999999999e-002	-7.249020e-003
2.999999999999999e-002	-6.715339e-003
3.999999999999999e-002	-6.182933e-003
5.000000000000000e-002	-5.651858e-003
6.000000000000000e-002	-5.122129e-003
6.999999999999999e-002	-4.593693e-003
7.999999999999999e-002	-4.066405e-003
8.999999999999998e-002	-3.540058e-003
1.000000000000000e-001	-3.014419e-003
Step Information: Run=90  (Run: 90/100)
-1.000000000000000e-001	-1.522159e-002
-9.000000000000001e-002	-1.510665e-002
-8.000000000000002e-002	-1.499229e-002
-7.000000000000002e-002	-1.487872e-002
-6.000000000000002e-002	-1.476618e-002
-5.000000000000002e-002	-1.465485e-002
-4.000000000000002e-002	-1.454484e-002
-3.000000000000001e-002	-1.443616e-002
-2.000000000000001e-002	-1.432879e-002
-1.000000000000001e-002	-1.422265e-002
-1.040834085586084e-017	-1.411772e-002
9.999999999999990e-003	-1.401395e-002
1.999999999999999e-002	-1.391136e-002
2.999999999999999e-002	-1.380998e-002
3.999999999999999e-002	-1.370987e-002
5.000000000000000e-002	-1.361107e-002
6.000000000000000e-002	-1.351362e-002
6.999999999999999e-002	-1.341745e-002
7.999999999999999e-002	-1.332242e-002
8.999999999999998e-002	-1.322833e-002
1.000000000000000e-001	-1.313493e-002
Step Information: Run=91  (Run: 91/100)
-1.000000000000000e-001	1.090656e-002
-9.000000000000001e-002	1.060584e-002
-8.000000000000002e-002	1.030463e-002
-7.000000000000002e-002	1.000262e-002
-6.000000000000002e-002	9.699564e-003
-5.000000000000002e-002	9.395287e-003
-4.000000000000002e-002	9.089678e-003
-3.000000000000001e-002	8.782710e-003
-2.000000000000001e-002	8.474419e-003
-1.000000000000001e-002	8.164864e-003
-1.040834085586084e-017	7.854098e-003
9.999999999999990e-003	7.542145e-003
1.999999999999999e-002	7.229001e-003
2.999999999999999e-002	6.914628e-003
3.999999999999999e-002	6.598969e-003
5.000000000000000e-002	6.281971e-003
6.000000000000000e-002	5.963614e-003
6.999999999999999e-002	5.643954e-003
7.999999999999999e-002	5.323134e-003
8.999999999999998e-002	5.001365e-003
1.000000000000000e-001	4.678879e-003
Step Information: Run=92  (Run: 92/100)
-1.000000000000000e-001	1.561515e-002
-9.000000000000001e-002	1.558616e-002
-8.000000000000002e-002	1.555658e-002
-7.000000000000002e-002	1.552619e-002
-6.000000000000002e-002	1.549476e-002
-5.000000000000002e-002	1.546210e-002
-4.000000000000002e-002	1.542810e-002
-3.000000000000001e-002	1.539274e-002
-2.000000000000001e-002	1.535605e-002
-1.000000000000001e-002	1.531809e-002
-1.040834085586084e-017	1.527891e-002
9.999999999999990e-003	1.523855e-002
1.999999999999999e-002	1.519698e-002
2.999999999999999e-002	1.515418e-002
3.999999999999999e-002	1.511010e-002
5.000000000000000e-002	1.506466e-002
6.000000000000000e-002	1.501786e-002
6.999999999999999e-002	1.496975e-002
7.999999999999999e-002	1.492048e-002
8.999999999999998e-002	1.487025e-002
1.000000000000000e-001	1.481930e-002
Step Information: Run=93  (Run: 93/100)
-1.000000000000000e-001	-4.513860e-003
-9.000000000000001e-002	-4.375700e-003
-8.000000000000002e-002	-4.238121e-003
-7.000000000000002e-002	-4.101343e-003
-6.000000000000002e-002	-3.965595e-003
-5.000000000000002e-002	-3.831062e-003
-4.000000000000002e-002	-3.697852e-003
-3.000000000000001e-002	-3.565989e-003
-2.000000000000001e-002	-3.435437e-003
-1.000000000000001e-002	-3.306138e-003
-1.040834085586084e-017	-3.178041e-003
9.999999999999990e-003	-3.051119e-003
1.999999999999999e-002	-2.925380e-003
2.999999999999999e-002	-2.800860e-003
3.999999999999999e-002	-2.677616e-003
5.000000000000000e-002	-2.555701e-003
6.000000000000000e-002	-2.435132e-003
6.999999999999999e-002	-2.315856e-003
7.999999999999999e-002	-2.197729e-003
8.999999999999998e-002	-2.080543e-003
1.000000000000000e-001	-1.964068e-003
Step Information: Run=94  (Run: 94/100)
-1.000000000000000e-001	-5.666513e-003
-9.000000000000001e-002	-5.744576e-003
-8.000000000000002e-002	-5.823218e-003
-7.000000000000002e-002	-5.902657e-003
-6.000000000000002e-002	-5.983121e-003
-5.000000000000002e-002	-6.064794e-003
-4.000000000000002e-002	-6.147785e-003
-3.000000000000001e-002	-6.232116e-003
-2.000000000000001e-002	-6.317752e-003
-1.000000000000001e-002	-6.404636e-003
-1.040834085586084e-017	-6.492716e-003
9.999999999999990e-003	-6.581966e-003
1.999999999999999e-002	-6.672394e-003
2.999999999999999e-002	-6.764034e-003
3.999999999999999e-002	-6.856945e-003
5.000000000000000e-002	-6.951178e-003
6.000000000000000e-002	-7.046753e-003
6.999999999999999e-002	-7.143612e-003
7.999999999999999e-002	-7.241616e-003
8.999999999999998e-002	-7.340557e-003
1.000000000000000e-001	-7.440203e-003
Step Information: Run=95  (Run: 95/100)
-1.000000000000000e-001	-8.262683e-003
-9.000000000000001e-002	-8.120676e-003
-8.000000000000002e-002	-7.979242e-003
-7.000000000000002e-002	-7.838599e-003
-6.000000000000002e-002	-7.698973e-003
-5.000000000000002e-002	-7.560546e-003
-4.000000000000002e-002	-7.423424e-003
-3.000000000000001e-002	-7.287632e-003
-2.000000000000001e-002	-7.153134e-003
-1.000000000000001e-002	-7.019872e-003
-1.040834085586084e-017	-6.887796e-003
9.999999999999990e-003	-6.756880e-003
1.999999999999999e-002	-6.627132e-003
2.999999999999999e-002	-6.498586e-003
3.999999999999999e-002	-6.371299e-003
5.000000000000000e-002	-6.245325e-003
6.000000000000000e-002	-6.120679e-003
6.999999999999999e-002	-5.997308e-003
7.999999999999999e-002	-5.875072e-003
8.999999999999998e-002	-5.753763e-003
1.000000000000000e-001	-5.633155e-003
Step Information: Run=96  (Run: 96/100)
-1.000000000000000e-001	1.051475e-002
-9.000000000000001e-002	1.016821e-002
-8.000000000000002e-002	9.821181e-003
-7.000000000000002e-002	9.473353e-003
-6.000000000000002e-002	9.124499e-003
-5.000000000000002e-002	8.774431e-003
-4.000000000000002e-002	8.423042e-003
-3.000000000000001e-002	8.070307e-003
-2.000000000000001e-002	7.716260e-003
-1.000000000000001e-002	7.360960e-003
-1.040834085586084e-017	7.004458e-003
9.999999999999990e-003	6.646781e-003
1.999999999999999e-002	6.287923e-003
2.999999999999999e-002	5.927846e-003
3.999999999999999e-002	5.566495e-003
5.000000000000000e-002	5.203816e-003
6.000000000000000e-002	4.839791e-003
6.999999999999999e-002	4.474473e-003
7.999999999999999e-002	4.108005e-003
8.999999999999998e-002	3.740596e-003
1.000000000000000e-001	3.372477e-003
Step Information: Run=97  (Run: 97/100)
-1.000000000000000e-001	-9.133300e-003
-9.000000000000001e-002	-9.221129e-003
-8.000000000000002e-002	-9.309541e-003
-7.000000000000002e-002	-9.398759e-003
-6.000000000000002e-002	-9.489009e-003
-5.000000000000002e-002	-9.580479e-003
-4.000000000000002e-002	-9.673276e-003
-3.000000000000001e-002	-9.767423e-003
-2.000000000000001e-002	-9.862885e-003
-1.000000000000001e-002	-9.959603e-003
-1.040834085586084e-017	-1.005752e-002
9.999999999999990e-003	-1.015663e-002
1.999999999999999e-002	-1.025691e-002
2.999999999999999e-002	-1.035842e-002
3.999999999999999e-002	-1.046121e-002
5.000000000000000e-002	-1.056534e-002
6.000000000000000e-002	-1.067081e-002
6.999999999999999e-002	-1.077758e-002
7.999999999999999e-002	-1.088550e-002
8.999999999999998e-002	-1.099436e-002
1.000000000000000e-001	-1.110393e-002
Step Information: Run=98  (Run: 98/100)
-1.000000000000000e-001	2.647556e-002
-9.000000000000001e-002	2.561640e-002
-8.000000000000002e-002	2.475667e-002
-7.000000000000002e-002	2.389614e-002
-6.000000000000002e-002	2.303459e-002
-5.000000000000002e-002	2.217182e-002
-4.000000000000002e-002	2.130773e-002
-3.000000000000001e-002	2.044229e-002
-2.000000000000001e-002	1.957553e-002
-1.000000000000001e-002	1.870751e-002
-1.040834085586084e-017	1.783830e-002
9.999999999999990e-003	1.696790e-002
1.999999999999999e-002	1.609632e-002
2.999999999999999e-002	1.522352e-002
3.999999999999999e-002	1.434944e-002
5.000000000000000e-002	1.347403e-002
6.000000000000000e-002	1.259727e-002
6.999999999999999e-002	1.171921e-002
7.999999999999999e-002	1.084001e-002
8.999999999999998e-002	9.959855e-003
1.000000000000000e-001	9.078994e-003
Step Information: Run=99  (Run: 99/100)
-1.000000000000000e-001	-1.837376e-002
-9.000000000000001e-002	-1.776851e-002
-8.000000000000002e-002	-1.716384e-002
-7.000000000000002e-002	-1.655997e-002
-6.000000000000002e-002	-1.595712e-002
-5.000000000000002e-002	-1.535547e-002
-4.000000000000002e-002	-1.475515e-002
-3.000000000000001e-002	-1.415616e-002
-2.000000000000001e-002	-1.355847e-002
-1.000000000000001e-002	-1.296202e-002
-1.040834085586084e-017	-1.236677e-002
9.999999999999990e-003	-1.177268e-002
1.999999999999999e-002	-1.117977e-002
2.999999999999999e-002	-1.058807e-002
3.999999999999999e-002	-9.997634e-003
5.000000000000000e-002	-9.408521e-003
6.000000000000000e-002	-8.820743e-003
6.999999999999999e-002	-8.234248e-003
7.999999999999999e-002	-7.648894e-003
8.999999999999998e-002	-7.064471e-003
1.000000000000000e-001	-6.480750e-003
Step Information: Run=100  (Run: 100/100)
-1.000000000000000e-001	1.455083e-002
-9.000000000000001e-002	1.412585e-002
-8.000000000000002e-002	1.370028e-002
-7.000000000000002e-002	1.327392e-002
-6.000000000000002e-002	1.284652e-002
-5.000000000000002e-002	1.241790e-002
-4.000000000000002e-002	1.198796e-002
-3.000000000000001e-002	1.155666e-002
-2.000000000000001e-002	1.112404e-002
-1.000000000000001e-002	1.069016e-002
-1.040834085586084e-017	1.025508e-002
9.999999999999990e-003	9.818818e-003
1.999999999999999e-002	9.381368e-003
2.999999999999999e-002	8.942693e-003
3.999999999999999e-002	8.502738e-003
5.000000000000000e-002	8.061446e-003
6.000000000000000e-002	7.618804e-003
6.999999999999999e-002	7.174862e-003
7.999999999999999e-002	6.729765e-003
8.999999999999998e-002	6.283722e-003
1.000000000000000e-001	5.836967e-003
